##FastQC	0.12.1
>>Basic Statistics	pass
#Measure	Value
Filename	SRR2584863_1.fastq
File type	Conventional base calls
Encoding	Sanger / Illumina 1.9
Total Sequences	1553259
Total Bases	232.9 Mbp
Sequences flagged as poor quality	0
Sequence length	150
%GC	50
>>END_MODULE
>>Per base sequence quality	pass
#Base	Mean	Median	Lower Quartile	Upper Quartile	10th Percentile	90th Percentile
1	32.794664637385004	34.0	31.0	34.0	31.0	34.0
2	32.996494467439106	34.0	31.0	34.0	31.0	34.0
3	33.106470974898585	34.0	33.0	34.0	31.0	34.0
4	36.56122192113485	37.0	37.0	37.0	35.0	37.0
5	36.510413266557606	37.0	37.0	37.0	35.0	37.0
6	36.515981558774165	37.0	37.0	37.0	35.0	37.0
7	36.48596145266179	37.0	37.0	37.0	35.0	37.0
8	36.477944760017486	37.0	37.0	37.0	35.0	37.0
9	38.2843022316304	39.0	39.0	39.0	37.0	39.0
10-14	38.55459688306972	39.4	39.2	39.4	37.2	39.4
15-19	39.75673715716439	41.0	40.0	41.0	38.0	41.0
20-24	39.620621158480326	41.0	40.0	41.0	37.2	41.0
25-29	39.36199333144054	40.8	39.0	41.0	36.6	41.0
30-34	39.16608550151649	40.0	39.0	41.0	36.0	41.0
35-39	38.9167449858652	40.0	38.6	41.0	35.2	41.0
40-44	38.51267006983382	40.0	37.8	41.0	34.8	41.0
45-49	37.78774924207746	39.4	36.4	41.0	33.8	41.0
50-54	36.93586246723824	38.0	35.0	40.4	33.0	41.0
55-59	35.942538108583314	36.2	35.0	39.2	32.6	41.0
60-64	34.97134219083874	35.0	35.0	37.4	31.8	39.8
65-69	34.18954559413466	35.0	34.0	35.8	31.0	38.4
70-74	33.61704622345662	35.0	34.0	35.0	30.4	36.6
75-79	33.17265027918718	35.0	33.6	35.0	29.8	35.8
80-84	32.84434881755071	35.0	33.0	35.0	29.0	35.0
85-89	32.55477148369975	35.0	33.0	35.0	29.0	35.0
90-94	32.25833309190547	35.0	33.0	35.0	27.4	35.0
95-99	31.99092862169156	35.0	33.0	35.0	27.0	35.0
100-104	31.262567929752862	33.6	31.4	34.6	25.4	35.0
105-109	32.063897263753184	35.0	33.0	35.0	27.0	35.0
110-114	31.865548759092974	35.0	33.0	35.0	27.0	35.0
115-119	31.473209812400892	34.4	32.8	35.0	25.0	35.0
120-124	31.055772282665032	34.0	32.0	35.0	24.0	35.0
125-129	30.571514473761294	34.0	31.2	35.0	21.6	35.0
130-134	30.005961529918704	34.0	30.8	35.0	18.2	35.0
135-139	29.41481079459382	34.0	30.0	35.0	10.0	35.0
140-144	28.682111611778843	33.0	29.0	35.0	2.0	35.0
145-149	27.694510960503045	33.0	27.8	35.0	2.0	35.0
150	27.09705850730625	33.0	27.0	35.0	2.0	35.0
>>END_MODULE
>>Per tile sequence quality	pass
#Tile	Base	Mean
1101	1	-0.11749137166358992
1101	2	-0.06743813415385347
1101	3	-0.04978148802319993
1101	4	-0.011704151609215785
1101	5	-0.12872786257625535
1101	6	-0.055783208449661004
1101	7	-0.06486035585221117
1101	8	-0.08575033977035673
1101	9	-0.10628299480237757
1101	10-14	-0.09696337384456655
1101	15-19	-0.14039243780077726
1101	20-24	-0.19844684013899183
1101	25-29	-0.2957900255500334
1101	30-34	-0.41013948869107963
1101	35-39	-0.6425943732116721
1101	40-44	-0.8375330821944473
1101	45-49	-1.0055653107456592
1101	50-54	-0.7884208065800777
1101	55-59	-0.5105573705779776
1101	60-64	-0.6338019159346828
1101	65-69	-0.6800363628338815
1101	70-74	-0.920148265951731
1101	75-79	-1.1381979945223435
1101	80-84	-1.3525178612070903
1101	85-89	-1.5746712243900625
1101	90-94	-1.8655507297184322
1101	95-99	-2.168508640882596
1101	100-104	-2.512017902782098
1101	105-109	-2.5873757805262407
1101	110-114	-2.8677623902516167
1101	115-119	-2.9811086236086233
1101	120-124	-3.1968959267318695
1101	125-129	-3.2463696132304385
1101	130-134	-3.349183976947284
1101	135-139	-3.5619328119590037
1101	140-144	-3.5523960338887832
1101	145-149	-3.3350443354931194
1101	150	-3.2418667972781883
1102	1	-0.16580180723413918
1102	2	-0.15952622291038665
1102	3	-0.09414127545372963
1102	4	-0.0505292006069169
1102	5	-0.13591901780272764
1102	6	-0.09606776666935701
1102	7	-0.09740723297822029
1102	8	-0.07266546734773982
1102	9	-0.09887104833653382
1102	10-14	-0.13935297581238615
1102	15-19	-0.2619219961314485
1102	20-24	-0.30407892743645704
1102	25-29	-0.36582092474358774
1102	30-34	-0.42355154323654887
1102	35-39	-0.6658200193493187
1102	40-44	-0.9322131134217386
1102	45-49	-1.0708298404593535
1102	50-54	-0.8740581434594503
1102	55-59	-0.6179789284107073
1102	60-64	-0.6831694957133791
1102	65-69	-0.7510111252758236
1102	70-74	-0.963865384896252
1102	75-79	-1.1683391059862203
1102	80-84	-1.4104045860373233
1102	85-89	-1.6784372397161391
1102	90-94	-1.9718482015236418
1102	95-99	-2.2221133763142866
1102	100-104	-2.5333035871529077
1102	105-109	-2.6169454595586963
1102	110-114	-2.79457564312996
1102	115-119	-2.8984010262862903
1102	120-124	-3.015261540812329
1102	125-129	-3.1390898230593187
1102	130-134	-3.0929592658914054
1102	135-139	-3.2544089065788597
1102	140-144	-3.217572681355236
1102	145-149	-3.055816197734053
1102	150	-2.960052786877455
1103	1	0.1421448688176028
1103	2	0.1284437637964828
1103	3	0.14442307272490496
1103	4	0.016560640356011902
1103	5	0.0019089236329463688
1103	6	-0.012484497048085075
1103	7	-0.013238256973394869
1103	8	0.026598642202870337
1103	9	0.11261176546921092
1103	10-14	0.029181139074701434
1103	15-19	0.05390965888920363
1103	20-24	0.015721146479577897
1103	25-29	0.04135998753856995
1103	30-34	-0.03798884705395977
1103	35-39	-0.05311046331446789
1103	40-44	-0.0718951941766548
1103	45-49	-0.06752627862165639
1103	50-54	-0.12459195516747457
1103	55-59	-0.06185405879276118
1103	60-64	-0.1684726970060666
1103	65-69	-0.1324000898160662
1103	70-74	-0.30022622075834704
1103	75-79	-0.31190623856480926
1103	80-84	-0.3504428376550095
1103	85-89	-0.503756664100429
1103	90-94	-0.601338360179227
1103	95-99	-0.8031261062495751
1103	100-104	-0.8591878223722489
1103	105-109	-0.8365808071397289
1103	110-114	-0.9290950462314775
1103	115-119	-0.895486190489887
1103	120-124	-1.0159520834756002
1103	125-129	-1.0929263504572262
1103	130-134	-1.1962085021713023
1103	135-139	-1.160071657588972
1103	140-144	-1.1071760345099406
1103	145-149	-1.0854838609907418
1103	150	-1.1081349641792677
1104	1	0.1389572464194515
1104	2	0.1655697227863513
1104	3	0.09801311914383604
1104	4	0.05630332610792266
1104	5	0.024614497202499308
1104	6	0.05364483888861571
1104	7	0.029467450187823374
1104	8	0.0413371427783602
1104	9	-0.001122751987253423
1104	10-14	0.012980978681198962
1104	15-19	0.016069944675180636
1104	20-24	0.014393203569973423
1104	25-29	0.09283690602970296
1104	30-34	0.03274151110947798
1104	35-39	0.022794442797724912
1104	40-44	-0.03396338520771991
1104	45-49	-0.07839212378306115
1104	50-54	-0.11101553509849538
1104	55-59	-0.086201473940136
1104	60-64	-0.15175779122367317
1104	65-69	-0.19669383451153521
1104	70-74	-0.32976308767474904
1104	75-79	-0.22753070237170192
1104	80-84	-0.3744252970692301
1104	85-89	-0.3813333029257606
1104	90-94	-0.5517751005592686
1104	95-99	-0.622241403789527
1104	100-104	-0.6707116899845786
1104	105-109	-0.7536013873533811
1104	110-114	-0.7830828618365722
1104	115-119	-0.6809441531585279
1104	120-124	-0.9382818887365261
1104	125-129	-1.011586851868497
1104	130-134	-1.0137818179039328
1104	135-139	-0.9103563957012923
1104	140-144	-0.5634454705318497
1104	145-149	-0.5418875983845943
1104	150	-0.6508160403770304
1105	1	0.17619039621921218
1105	2	0.13884623996872847
1105	3	0.08651235532714452
1105	4	0.06582267328164448
1105	5	0.05504672576007863
1105	6	0.023090228714856664
1105	7	0.022236444980194392
1105	8	-0.06941316919763807
1105	9	0.021625076613219107
1105	10-14	0.03176224427028984
1105	15-19	0.0025339940070168154
1105	20-24	-0.061295591246945946
1105	25-29	-0.13515344019760533
1105	30-34	-0.22567205017224268
1105	35-39	-0.23356458368178323
1105	40-44	-0.29466319048496814
1105	45-49	-0.3883989771535781
1105	50-54	-0.42196593130412907
1105	55-59	-0.3091381975938958
1105	60-64	-0.42752871770301226
1105	65-69	-0.42993594497666976
1105	70-74	-0.4100287995317018
1105	75-79	-0.4773818241643326
1105	80-84	-0.6649831085906612
1105	85-89	-0.8064296930177406
1105	90-94	-0.8896534928611146
1105	95-99	-0.8830583846078603
1105	100-104	-0.8787762888292932
1105	105-109	-0.9094386407835664
1105	110-114	-0.9083611537466396
1105	115-119	-0.8633452882383033
1105	120-124	-0.9928292787834465
1105	125-129	-1.0787590517382704
1105	130-134	-1.1227188616924622
1105	135-139	-1.3547580001048587
1105	140-144	-1.4405487637240135
1105	145-149	-1.6394953680243205
1105	150	-1.701727181222342
1106	1	0.1228140867549925
1106	2	0.10787005496843705
1106	3	0.06336026131178585
1106	4	0.047017797542636686
1106	5	0.008652346478811523
1106	6	0.0019618008836346235
1106	7	-0.010561603281139753
1106	8	-0.006633294473282092
1106	9	-0.033099592046674786
1106	10-14	-0.02805236761420815
1106	15-19	-0.04166377736718374
1106	20-24	-0.05832130928204293
1106	25-29	-0.07254988936807649
1106	30-34	-0.10255017022581825
1106	35-39	-0.1549879369022733
1106	40-44	-0.12263713423269706
1106	45-49	-0.2881130708893451
1106	50-54	-0.23976765485892315
1106	55-59	-0.09489519530755786
1106	60-64	-0.1312459500942964
1106	65-69	-0.19638029021074033
1106	70-74	-0.26127682096114313
1106	75-79	-0.3207942552243992
1106	80-84	-0.3900082494017596
1106	85-89	-0.512595617861372
1106	90-94	-0.7011039485524115
1106	95-99	-0.788614391119669
1106	100-104	-1.009441314015202
1106	105-109	-0.7965029606738945
1106	110-114	-0.9636026182721693
1106	115-119	-0.9744469292681082
1106	120-124	-1.0280444525594383
1106	125-129	-1.1135534833304597
1106	130-134	-1.3153168657600922
1106	135-139	-1.3631669813495826
1106	140-144	-1.3688753552613662
1106	145-149	-1.3882989810858213
1106	150	-1.3200321719551908
1107	1	0.1393270375673623
1107	2	0.10228006073457863
1107	3	0.0777623152661917
1107	4	0.03172206348113349
1107	5	-0.005049070899275421
1107	6	-0.04146544435282351
1107	7	-0.01471868966829959
1107	8	-0.03952187276698993
1107	9	0.002240675036418338
1107	10-14	-0.01908515409871825
1107	15-19	-0.0639661647800267
1107	20-24	-0.10339557172634528
1107	25-29	-0.1203397746060304
1107	30-34	-0.10553770759430137
1107	35-39	-0.1499847662431648
1107	40-44	-0.22080915219545005
1107	45-49	-0.20526259802255709
1107	50-54	-0.2288454891477727
1107	55-59	-0.18214440048586766
1107	60-64	-0.18945508130494915
1107	65-69	-0.18091969625498905
1107	70-74	-0.2644998930062883
1107	75-79	-0.376318679365113
1107	80-84	-0.3994359634068658
1107	85-89	-0.48890878120135994
1107	90-94	-0.5234034600839692
1107	95-99	-0.5521361378149159
1107	100-104	-0.6897561942563151
1107	105-109	-0.49241288232050096
1107	110-114	-0.650672656046865
1107	115-119	-0.75709199231461
1107	120-124	-0.9429689822450058
1107	125-129	-0.9680305834068115
1107	130-134	-0.9262206258310677
1107	135-139	-1.1804267266327777
1107	140-144	-1.165881706645166
1107	145-149	-1.1565166105256388
1107	150	-1.3708317388474711
1108	1	0.041488516262511155
1108	2	0.08685914119920568
1108	3	0.033358843939161886
1108	4	-0.013725341828703108
1108	5	-0.021532239048724477
1108	6	-0.005077089640678878
1108	7	-0.008737553738519921
1108	8	0.05050862813817503
1108	9	-0.0030938135275064838
1108	10-14	-0.03645411643397978
1108	15-19	-0.05828912217032922
1108	20-24	-0.12357561863997546
1108	25-29	-0.1064318549368295
1108	30-34	-0.1454056309264402
1108	35-39	-0.06945364193613557
1108	40-44	-0.19064812432198153
1108	45-49	-0.22171287027659758
1108	50-54	-0.24547334288430278
1108	55-59	-0.052805769997640084
1108	60-64	-0.12460959339612288
1108	65-69	-0.1382134981611145
1108	70-74	-0.23384084804386873
1108	75-79	-0.21514111901488775
1108	80-84	-0.3496927204491911
1108	85-89	-0.3743895754928346
1108	90-94	-0.5046107464895897
1108	95-99	-0.43393717047836233
1108	100-104	-0.4261732888513876
1108	105-109	-0.281550333628239
1108	110-114	-0.30210957975234365
1108	115-119	-0.3727388862235905
1108	120-124	-0.4344330961338372
1108	125-129	-0.49522358440003345
1108	130-134	-0.44693517821443507
1108	135-139	-0.597343106252822
1108	140-144	-0.7362336997701391
1108	145-149	-0.8732663270010583
1108	150	-0.9370144766030819
1109	1	0.13913252031009193
1109	2	0.0379849823473819
1109	3	0.03110959157821469
1109	4	-0.013766303597137153
1109	5	0.018228447026181982
1109	6	-0.043307263537272433
1109	7	-0.032155882741356834
1109	8	-0.02977643799945895
1109	9	-0.11289877649702618
1109	10-14	-0.09396166225127445
1109	15-19	-0.07610283985003008
1109	20-24	-0.10389022584958951
1109	25-29	-0.017182826477068147
1109	30-34	-0.05130797876474702
1109	35-39	-0.09946830833203535
1109	40-44	-0.07639655310838833
1109	45-49	-0.13459288180143147
1109	50-54	-0.08838919595652328
1109	55-59	-0.13117517919355492
1109	60-64	-0.04812883414545155
1109	65-69	-0.13940590218301452
1109	70-74	-0.1701317599118397
1109	75-79	-0.21195894502109525
1109	80-84	-0.24824465250819827
1109	85-89	-0.18067488115267594
1109	90-94	-0.10072611288045152
1109	95-99	-0.18969276757423614
1109	100-104	-0.2535381453897365
1109	105-109	0.03326112941851278
1109	110-114	-0.009798485535068124
1109	115-119	0.04248573527057786
1109	120-124	-0.12384503440653205
1109	125-129	-0.3467088824229272
1109	130-134	-0.2967918988083085
1109	135-139	-0.5136701894451292
1109	140-144	-0.4200775451776444
1109	145-149	-0.47965382880181906
1109	150	-0.5813361514534243
1110	1	0.13677987979055928
1110	2	0.1047169849548979
1110	3	0.08390904930243437
1110	4	0.035436033053898086
1110	5	-0.0058671564127834586
1110	6	-0.0429809824312386
1110	7	-0.044460951133977744
1110	8	-0.02965839598675757
1110	9	-0.08388709050859688
1110	10-14	-0.051222048923428076
1110	15-19	-0.0823768326151253
1110	20-24	-0.0011415381487864806
1110	25-29	-0.05354226047671773
1110	30-34	-0.03477608384708475
1110	35-39	-0.0728173942666217
1110	40-44	-0.07764820842980669
1110	45-49	-0.011430408160165939
1110	50-54	0.018990189364039622
1110	55-59	0.023995539280861067
1110	60-64	0.08750943319596871
1110	65-69	0.04789188894515206
1110	70-74	0.08263237062246986
1110	75-79	0.09272856992633649
1110	80-84	-0.0487507127953819
1110	85-89	0.03189804523694306
1110	90-94	-0.006754865249838815
1110	95-99	-0.11720735285216577
1110	100-104	-0.024286890488681934
1110	105-109	0.21614623337065098
1110	110-114	0.16455968023896972
1110	115-119	0.0026479396872254313
1110	120-124	0.08638891768788781
1110	125-129	0.11092049230630963
1110	130-134	-0.29582320266177575
1110	135-139	-0.21063529684115778
1110	140-144	-0.19663159987807788
1110	145-149	-0.22600354611596885
1110	150	-0.7314847374775226
1111	1	0.1098008915744515
1111	2	0.044611871302983275
1111	3	0.008625945754133113
1111	4	0.02850211700251748
1111	5	-0.041259889039338304
1111	6	-0.025017795470695603
1111	7	-0.04065978314369545
1111	8	-0.014396939118654473
1111	9	-0.0986881107212838
1111	10-14	-0.09660919884105112
1111	15-19	-0.13160250541364604
1111	20-24	-0.12426024733890273
1111	25-29	-0.12715096184010832
1111	30-34	-0.1334685258443784
1111	35-39	-0.09831641729255125
1111	40-44	-0.13848454748633543
1111	45-49	-0.17624237486094785
1111	50-54	-0.09626634158442471
1111	55-59	-0.065686437873822
1111	60-64	-0.03727984690824826
1111	65-69	-0.00181118756532328
1111	70-74	-0.0278502600375532
1111	75-79	-0.048130017867229924
1111	80-84	-0.05943038024106784
1111	85-89	-0.00911434071433348
1111	90-94	-0.09543551240621184
1111	95-99	-0.026838483569651572
1111	100-104	-0.0786632964282461
1111	105-109	0.1172909623629792
1111	110-114	0.09988139752401892
1111	115-119	0.06095167189234374
1111	120-124	0.0984300545901391
1111	125-129	0.07319862067577532
1111	130-134	-0.029848308432217863
1111	135-139	-0.08305411494883685
1111	140-144	0.11385937747910901
1111	145-149	-0.11305097724886792
1111	150	-0.22745164077077362
1112	1	0.06041054742254914
1112	2	-0.016891062896462472
1112	3	-0.02602998622747066
1112	4	-0.028846467233670126
1112	5	-0.0369644492113963
1112	6	-0.1171380691279893
1112	7	-0.13554498196129572
1112	8	-0.07651020022382227
1112	9	-0.03633175899314267
1112	10-14	-0.08604893283381188
1112	15-19	-0.162120964531141
1112	20-24	-0.07429051203758519
1112	25-29	-0.16674654896519314
1112	30-34	-0.1649183793860587
1112	35-39	-0.11868392199834688
1112	40-44	0.01378560689047248
1112	45-49	0.05791210931383972
1112	50-54	-0.004313563909164486
1112	55-59	0.005666649158989401
1112	60-64	0.01055518699694602
1112	65-69	0.017319255970207337
1112	70-74	0.05077420605222471
1112	75-79	0.06722106270329675
1112	80-84	0.11333236398196078
1112	85-89	0.17639561274781812
1112	90-94	0.22010296100481241
1112	95-99	0.164489874989858
1112	100-104	0.16863331439524032
1112	105-109	0.3884564552380212
1112	110-114	0.4112108633285949
1112	115-119	0.38632184405217274
1112	120-124	0.41176745900637
1112	125-129	0.4631146042617047
1112	130-134	0.4415737633239729
1112	135-139	0.37061224191289455
1112	140-144	0.3511685706329857
1112	145-149	0.477212245102713
1112	150	0.4411270927421782
1113	1	-0.009650552373784649
1113	2	0.06538999616667951
1113	3	0.03303315022874642
1113	4	-0.03291978698926812
1113	5	-0.02963247365131849
1113	6	-0.08129285527870422
1113	7	0.0013185618268920507
1113	8	-0.05410694156801554
1113	9	-0.12594479361636246
1113	10-14	-0.1069857963776002
1113	15-19	-0.12065456941912345
1113	20-24	-0.08740660165062053
1113	25-29	-0.15387485853749183
1113	30-34	-0.1452849781640495
1113	35-39	-0.1296004189433546
1113	40-44	-0.12690685746797925
1113	45-49	-0.07862556889391215
1113	50-54	-0.10899788162809898
1113	55-59	-0.08085066244996852
1113	60-64	-0.06797841789104098
1113	65-69	-0.11131618191166837
1113	70-74	-0.14181235199258424
1113	75-79	-0.2046322977854942
1113	80-84	-0.08976335903229682
1113	85-89	-0.012769356702285961
1113	90-94	0.09097872475225444
1113	95-99	0.12229028232183126
1113	100-104	0.059386878550022004
1113	105-109	0.2919187770302756
1113	110-114	0.35239212605771897
1113	115-119	0.46803263834953057
1113	120-124	0.3817063592100318
1113	125-129	0.41293130487270346
1113	130-134	0.39318272462743664
1113	135-139	0.4340745637051526
1113	140-144	0.6318203017938799
1113	145-149	0.5385564406220666
1113	150	0.4012085591372916
1114	1	0.2647046592423976
1114	2	0.16871463773636464
1114	3	0.12454852256139759
1114	4	0.05041872334430053
1114	5	-0.007903512280691416
1114	6	-0.027501528125313257
1114	7	0.0677015848480309
1114	8	0.02596787587976479
1114	9	-0.08740860302663833
1114	10-14	0.009371520738568506
1114	15-19	-0.012784062705534893
1114	20-24	0.038718724290525586
1114	25-29	0.03238942368680853
1114	30-34	-0.006739284280918412
1114	35-39	0.10052948738371725
1114	40-44	0.08167595970443386
1114	45-49	0.1281132399706877
1114	50-54	0.0704417262854875
1114	55-59	0.17666122086436786
1114	60-64	0.19546922920432763
1114	65-69	0.22726074187561807
1114	70-74	0.24004925251930587
1114	75-79	0.2983575121990043
1114	80-84	0.3264194400066245
1114	85-89	0.4138765012218073
1114	90-94	0.4459388898342027
1114	95-99	0.3888248207488836
1114	100-104	0.4289269090747396
1114	105-109	0.5976637361711568
1114	110-114	0.5702666120655557
1114	115-119	0.6351728018531837
1114	120-124	0.6645061033263033
1114	125-129	0.74700877182525
1114	130-134	0.682556162082836
1114	135-139	0.6935404651832044
1114	140-144	0.6815979482344225
1114	145-149	0.7572462286113115
1114	150	0.9215709603475339
1115	1	0.18290247973904172
1115	2	0.11690250968030114
1115	3	0.04682656084447956
1115	4	0.006282878889187771
1115	5	0.042584327375514874
1115	6	-0.002906149039560546
1115	7	-0.009042894688597869
1115	8	-0.028408585877315318
1115	9	-0.10339496023376427
1115	10-14	0.00798272244833953
1115	15-19	-0.07686257596234469
1115	20-24	-0.040257804008774656
1115	25-29	-0.028525285912152754
1115	30-34	-0.034050470748262285
1115	35-39	0.06311214477818794
1115	40-44	0.06483215853781843
1115	45-49	0.08604295762518888
1115	50-54	0.04986920100846248
1115	55-59	-0.01784976761531709
1115	60-64	-0.010100026325972067
1115	65-69	0.07990261528479436
1115	70-74	0.1101602927904537
1115	75-79	0.07036877520628337
1115	80-84	0.12084103901931087
1115	85-89	0.19444568299841336
1115	90-94	0.16811039501580893
1115	95-99	0.16812606194146795
1115	100-104	0.16288661333885202
1115	105-109	0.2977207067958858
1115	110-114	0.3346638723619755
1115	115-119	0.3708403136824572
1115	120-124	0.44953482628942965
1115	125-129	0.46506380518650303
1115	130-134	0.3399901894110329
1115	135-139	0.4227102445285702
1115	140-144	0.5959193733523094
1115	145-149	0.3916271811483547
1115	150	0.3834811152466635
1116	1	0.12762313029859484
1116	2	0.11821155850853415
1116	3	0.06397684116498681
1116	4	-0.03465511697027779
1116	5	-0.024636506518568524
1116	6	-0.012452760735421009
1116	7	-0.009144272638970108
1116	8	-0.03954420427071881
1116	9	-0.11048368044593104
1116	10-14	-0.13727798731013507
1116	15-19	-0.12716151197738412
1116	20-24	-0.184270871932803
1116	25-29	-0.224060981346355
1116	30-34	-0.19706002590213956
1116	35-39	-0.1103160980872886
1116	40-44	-0.19159890244126387
1116	45-49	-0.20111106997250516
1116	50-54	-0.19973556198230114
1116	55-59	-0.31102113261541575
1116	60-64	-0.3064572055046497
1116	65-69	-0.3622513035209778
1116	70-74	-0.32680536361564805
1116	75-79	-0.2384362946582712
1116	80-84	-0.3052745012212128
1116	85-89	-0.3026805180442125
1116	90-94	-0.29421899306591115
1116	95-99	-0.4216840196041183
1116	100-104	-0.32834706283676596
1116	105-109	-0.3048390783924617
1116	110-114	-0.22172920009101915
1116	115-119	-0.08285821665960569
1116	120-124	-0.18765005791970069
1116	125-129	-0.2478945371792456
1116	130-134	-0.3729444927271821
1116	135-139	-0.35900052853068587
1116	140-144	-0.33511045094471115
1116	145-149	-0.29770842257829244
1116	150	-0.39073181551896496
1201	1	0.24456214349332583
1201	2	0.2178656175541036
1201	3	0.1715781048569056
1201	4	0.08830433565736939
1201	5	0.07603794768879624
1201	6	0.11747820440291434
1201	7	0.09718198300316772
1201	8	0.053183693160235634
1201	9	0.09806500665641948
1201	10-14	0.12943857973932893
1201	15-19	0.18845653759287018
1201	20-24	0.21602447037899708
1201	25-29	0.25803321073715324
1201	30-34	0.28935303999335815
1201	35-39	0.325362531641872
1201	40-44	0.4026113862085481
1201	45-49	0.5395976867888308
1201	50-54	0.5943593194348225
1201	55-59	0.5138064961870654
1201	60-64	0.4927525227376677
1201	65-69	0.5701131475096588
1201	70-74	0.5306590159549316
1201	75-79	0.4728316537686865
1201	80-84	0.5316422943535812
1201	85-89	0.5906875180827384
1201	90-94	0.5896042343241348
1201	95-99	0.7730938894992967
1201	100-104	0.791401978261721
1201	105-109	0.8280998173218563
1201	110-114	0.8719502023310177
1201	115-119	1.0413763304004782
1201	120-124	0.9879804869022095
1201	125-129	1.0533659369881256
1201	130-134	0.9172423292094329
1201	135-139	0.9363829446093774
1201	140-144	0.8933236106880216
1201	145-149	1.0612971316107362
1201	150	1.1951337354868627
1202	1	0.07365116829461726
1202	2	0.11796116521350086
1202	3	0.12301215509381791
1202	4	0.017078236163165172
1202	5	-0.00826913819245334
1202	6	0.038272562662349685
1202	7	0.035169085792873034
1202	8	-0.0025521763009237475
1202	9	0.02539150465040052
1202	10-14	0.09108755784610878
1202	15-19	0.09150204962410413
1202	20-24	0.0413810636315759
1202	25-29	0.10800201123083042
1202	30-34	0.16302566873143576
1202	35-39	0.213796332335761
1202	40-44	0.19800987669874104
1202	45-49	0.17897324053698327
1202	50-54	0.2319941714446756
1202	55-59	0.18835562818312468
1202	60-64	0.16770755328348486
1202	65-69	0.100339595197255
1202	70-74	0.18883642910348897
1202	75-79	0.27364583757076844
1202	80-84	0.2647675249024175
1202	85-89	0.27213326581411224
1202	90-94	0.13697654109602553
1202	95-99	0.397117429811896
1202	100-104	0.4741486380051825
1202	105-109	0.468620563999103
1202	110-114	0.47995811981899905
1202	115-119	0.5898051508416806
1202	120-124	0.6150321163173125
1202	125-129	0.6706042410184985
1202	130-134	0.6161123316200054
1202	135-139	0.7527176960860231
1202	140-144	0.8478690194280674
1202	145-149	1.129230748395937
1202	150	1.3386458956038432
1203	1	0.13065179497431956
1203	2	0.13885847840279553
1203	3	0.140449581951124
1203	4	0.05889939112944376
1203	5	0.03649203586975602
1203	6	0.05670737133421966
1203	7	0.0200396460650083
1203	8	0.03687395915171976
1203	9	0.026421930846119324
1203	10-14	0.06850679633136281
1203	15-19	0.06640442325785045
1203	20-24	0.09996572624495315
1203	25-29	0.07504582598588172
1203	30-34	0.18458791864422608
1203	35-39	0.16593033614424257
1203	40-44	0.2313644096315315
1203	45-49	0.2785455019664269
1203	50-54	0.3051736529317921
1203	55-59	0.16926830933672932
1203	60-64	0.3103675933881931
1203	65-69	0.2720870681747414
1203	70-74	0.2902654124232953
1203	75-79	0.31859699355398163
1203	80-84	0.32180170791849605
1203	85-89	0.3472206647116849
1203	90-94	0.25331919829710614
1203	95-99	0.38530783339781394
1203	100-104	0.4779050394813815
1203	105-109	0.5990293765166896
1203	110-114	0.6118634704722403
1203	115-119	0.578921122889863
1203	120-124	0.6993283326658499
1203	125-129	0.6689280066072456
1203	130-134	0.7005275542821181
1203	135-139	0.7136107879719731
1203	140-144	0.7188758095829826
1203	145-149	0.9167655700761301
1203	150	0.9543697618615958
1204	1	0.16219737702200376
1204	2	0.16217840983492948
1204	3	0.11809583409387159
1204	4	0.05343640219380319
1204	5	0.004121769390096119
1204	6	0.02508324791206462
1204	7	0.006334176219290555
1204	8	0.06041580113395639
1204	9	0.07349127789302656
1204	10-14	0.046466839965461304
1204	15-19	0.032648711866229974
1204	20-24	0.05691383283681972
1204	25-29	0.12849472734166056
1204	30-34	0.21427256879226775
1204	35-39	0.20746787705121505
1204	40-44	0.2714424523306178
1204	45-49	0.27284127880918874
1204	50-54	0.23769177666562769
1204	55-59	0.206692401591674
1204	60-64	0.21275749521146992
1204	65-69	0.14264951168416928
1204	70-74	0.1574187862740004
1204	75-79	0.19387378956457724
1204	80-84	0.3132709926309758
1204	85-89	0.3661055018630037
1204	90-94	0.3884367921883296
1204	95-99	0.2723289336004022
1204	100-104	0.46677298400374667
1204	105-109	0.5281385552606466
1204	110-114	0.4551494919776182
1204	115-119	0.43054325161044815
1204	120-124	0.4328051598436673
1204	125-129	0.4957963874705733
1204	130-134	0.3692178456955517
1204	135-139	0.5072757404419725
1204	140-144	0.6296397179513846
1204	145-149	0.8249716476824815
1204	150	0.794799869388477
1205	1	0.1487906335307585
1205	2	0.12276626016925718
1205	3	0.07038321494463418
1205	4	0.030939887753625328
1205	5	6.561270512150941E-4
1205	6	0.008449871898406514
1205	7	-0.055342306921978945
1205	8	-0.004873144662035145
1205	9	-0.0425747343419971
1205	10-14	-0.05510595844113908
1205	15-19	-0.06396463284851706
1205	20-24	-0.019289325507180877
1205	25-29	-0.06982639941890056
1205	30-34	0.01613388619161782
1205	35-39	-0.0038191908105034145
1205	40-44	-0.03274443058302268
1205	45-49	0.022215016182940417
1205	50-54	-0.07789871984881103
1205	55-59	0.027422974930701116
1205	60-64	0.01948220711928883
1205	65-69	-0.07720116408763289
1205	70-74	-0.04194362658701323
1205	75-79	0.025620211530721804
1205	80-84	0.05151529480767181
1205	85-89	0.13585824051715178
1205	90-94	0.1894162771790846
1205	95-99	0.23729510232994855
1205	100-104	0.3004609623790522
1205	105-109	0.29434381916731667
1205	110-114	0.39248384963873306
1205	115-119	0.3505673802204896
1205	120-124	0.30802075238883475
1205	125-129	0.4029449434529333
1205	130-134	0.4449117993162659
1205	135-139	0.486294662052444
1205	140-144	0.4129141524370823
1205	145-149	0.2843000300981906
1205	150	0.09221344173162649
1206	1	0.10495952248676588
1206	2	0.03280875711565301
1206	3	0.04281323557285788
1206	4	0.0384353725204889
1206	5	0.01935906228534634
1206	6	-8.7687564873562E-4
1206	7	0.005206403121846392
1206	8	0.0365618275310311
1206	9	0.05204074901537581
1206	10-14	0.02704248351128058
1206	15-19	0.035813515760274583
1206	20-24	0.07356982834369319
1206	25-29	0.11464109072273487
1206	30-34	0.10967333636692445
1206	35-39	0.1696719770231283
1206	40-44	0.21027431603931745
1206	45-49	0.16289051591487436
1206	50-54	0.06469063466431635
1206	55-59	0.09794302407599531
1206	60-64	0.07760220175457277
1206	65-69	0.09906055727061869
1206	70-74	0.11349509442713668
1206	75-79	0.12972431844224275
1206	80-84	0.109286943206655
1206	85-89	0.12085454239469584
1206	90-94	0.11370774604025513
1206	95-99	0.2085354673456017
1206	100-104	0.36606022541533534
1206	105-109	0.2920076557006013
1206	110-114	0.2940567652154691
1206	115-119	0.40999651380271374
1206	120-124	0.4058914464672725
1206	125-129	0.30627044906376
1206	130-134	0.35756434012595406
1206	135-139	0.3551506819378112
1206	140-144	0.3721626047809252
1206	145-149	0.24963123768529627
1206	150	0.42051736447412935
1207	1	0.12867827836853252
1207	2	0.08462560228706906
1207	3	0.028093452487205184
1207	4	0.024450050632019327
1207	5	-0.02975017345134745
1207	6	0.034328644999170876
1207	7	0.016176440577631013
1207	8	0.036272904733841926
1207	9	0.05109098477220897
1207	10-14	-0.012227819739585755
1207	15-19	0.002055178844344141
1207	20-24	-0.003902875049966781
1207	25-29	-0.015920551581118048
1207	30-34	0.011232686040600015
1207	35-39	0.07282956982395206
1207	40-44	0.08373696547526066
1207	45-49	0.13734654582394512
1207	50-54	0.14381353172654343
1207	55-59	0.1557214022328779
1207	60-64	0.2262194353048983
1207	65-69	0.2354223247280487
1207	70-74	0.20451751303043864
1207	75-79	0.1997589961231654
1207	80-84	0.2373839907073716
1207	85-89	0.23242555315914615
1207	90-94	0.31312767796281094
1207	95-99	0.3521389180283556
1207	100-104	0.4454973954720991
1207	105-109	0.539790694126637
1207	110-114	0.49664748593199803
1207	115-119	0.43261715469737183
1207	120-124	0.5640939021721394
1207	125-129	0.4795726630041415
1207	130-134	0.4162742164933917
1207	135-139	0.5190969367413203
1207	140-144	0.3933044610126615
1207	145-149	0.3170978361958099
1207	150	0.3090400452609714
1208	1	0.07321526857169403
1208	2	0.07236576647315474
1208	3	0.07084085657299966
1208	4	-0.0014280807862903089
1208	5	0.05030398794225732
1208	6	0.03564421680829355
1208	7	-0.0036432529026484417
1208	8	-0.01572843228195353
1208	9	-0.10732053970491506
1208	10-14	-0.017530884596425267
1208	15-19	-0.05028102480685703
1208	20-24	0.026260378391455674
1208	25-29	-0.022636128700170843
1208	30-34	0.023234785509401945
1208	35-39	-0.0607439588970351
1208	40-44	0.022096860991958067
1208	45-49	0.16863795740356124
1208	50-54	0.06017516046230753
1208	55-59	0.06916338058056937
1208	60-64	0.1087762125249796
1208	65-69	0.1642439331907326
1208	70-74	0.22069336192315347
1208	75-79	0.2630740464688799
1208	80-84	0.21704154038764756
1208	85-89	0.21529827184190253
1208	90-94	0.15399590770351068
1208	95-99	0.325761652198441
1208	100-104	0.30582948460013526
1208	105-109	0.3514581992646839
1208	110-114	0.37728172429250506
1208	115-119	0.28290930354181754
1208	120-124	0.4006189409244918
1208	125-129	0.4169600905626041
1208	130-134	0.30519699974638215
1208	135-139	0.3248134961993827
1208	140-144	0.4193099629279864
1208	145-149	0.405207926240152
1208	150	0.18856259991421354
1209	1	0.07265303574896365
1209	2	0.024104754427398234
1209	3	-8.977513365309164E-4
1209	4	-0.04523923589887602
1209	5	0.007346099897432623
1209	6	-0.02617822429894545
1209	7	-0.014287005317513035
1209	8	0.02368803905616801
1209	9	-0.08492957170101079
1209	10-14	-0.06531167346924605
1209	15-19	-0.11130043809114909
1209	20-24	-0.1305505730304901
1209	25-29	-0.11645330118747665
1209	30-34	-0.1630631688832267
1209	35-39	-0.13731683563887032
1209	40-44	-0.011225793307026777
1209	45-49	-0.005788066725280316
1209	50-54	-0.04411754464599227
1209	55-59	-0.10650912355075093
1209	60-64	-0.036192578802790365
1209	65-69	-0.012730957521412734
1209	70-74	-0.012405499376200169
1209	75-79	-0.05869898215748748
1209	80-84	0.03453176507075284
1209	85-89	0.13601820988795055
1209	90-94	0.10122563173437982
1209	95-99	0.10764685402385155
1209	100-104	0.15927007277601035
1209	105-109	0.2822015167283709
1209	110-114	0.4059023919910736
1209	115-119	0.409889378197267
1209	120-124	0.4347796271652413
1209	125-129	0.30410134418344725
1209	130-134	0.46474817360117626
1209	135-139	0.3562466281645804
1209	140-144	0.3557336487816869
1209	145-149	0.2177301996943264
1209	150	0.11552117203953571
1210	1	0.08774824282287597
1210	2	0.08019644735296794
1210	3	0.06499482399286194
1210	4	8.826503900465354E-4
1210	5	0.04290964817797516
1210	6	0.00641874574755974
1210	7	-0.0284537025685907
1210	8	-0.024401298433147645
1210	9	0.032986588138342654
1210	10-14	0.006326652375271635
1210	15-19	-0.09441247139494635
1210	20-24	-0.058337249414258
1210	25-29	0.04597827712521507
1210	30-34	-0.06220737348766647
1210	35-39	-0.026807880524543748
1210	40-44	0.041479321017490633
1210	45-49	0.10841631488423786
1210	50-54	0.08619798157182856
1210	55-59	0.042739876339148
1210	60-64	0.040282386986369545
1210	65-69	0.03815917979384409
1210	70-74	0.04210269680791612
1210	75-79	-0.015913079122292118
1210	80-84	0.08290324371322555
1210	85-89	0.1267768582843587
1210	90-94	0.2004502842518221
1210	95-99	0.2053915598630347
1210	100-104	0.3158784674092274
1210	105-109	0.4286877616098508
1210	110-114	0.4089797950079195
1210	115-119	0.26919505536224975
1210	120-124	0.14282579476429547
1210	125-129	0.21932618545037386
1210	130-134	0.14300947628717964
1210	135-139	0.18961953553576905
1210	140-144	0.23755746686912715
1210	145-149	0.010594158504993345
1210	150	-0.0584252388366302
1211	1	0.08877377723951696
1211	2	0.06219762317551414
1211	3	0.03932005015332152
1211	4	-0.019636644752004884
1211	5	-0.027014717831221446
1211	6	0.03220342191967518
1211	7	-0.056816449120567825
1211	8	-0.04298604769693526
1211	9	-0.009523766515165732
1211	10-14	-0.0053003523491952365
1211	15-19	-0.014409399426128289
1211	20-24	0.03420475181452787
1211	25-29	-0.013260139433754148
1211	30-34	-0.004978183428129057
1211	35-39	0.03178065573527533
1211	40-44	0.0944221876940432
1211	45-49	0.18656322914451806
1211	50-54	0.09475924086718379
1211	55-59	0.07769649802089873
1211	60-64	0.06484449901788025
1211	65-69	-0.00880221932905556
1211	70-74	-0.0026832981921955934
1211	75-79	0.07677007377701983
1211	80-84	0.09021889910188463
1211	85-89	0.08986225372090217
1211	90-94	0.08641946393022693
1211	95-99	0.12357337804484203
1211	100-104	0.14002917396205916
1211	105-109	0.3105160067741437
1211	110-114	0.36005498409290126
1211	115-119	0.34793146984499046
1211	120-124	0.3502220893343271
1211	125-129	0.3578800561310729
1211	130-134	0.26170187687191415
1211	135-139	0.22223894508218223
1211	140-144	0.05080665650494254
1211	145-149	0.14637306149433726
1211	150	0.10927512768103043
1212	1	0.09786686513164256
1212	2	0.0885688437997274
1212	3	0.04568900888897787
1212	4	-0.0061599971075523285
1212	5	0.002493393735115035
1212	6	0.008104610265952772
1212	7	-0.009802865296229868
1212	8	-0.0013028606959508693
1212	9	-0.046954241386828244
1212	10-14	-0.03288266964087683
1212	15-19	-0.06349241402386241
1212	20-24	-0.09981651782823064
1212	25-29	0.01980919731344244
1212	30-34	0.06274420657273794
1212	35-39	-0.024557596548142158
1212	40-44	-0.05271221648571611
1212	45-49	-0.08124766382146476
1212	50-54	-0.1292751990162273
1212	55-59	-0.13371893792196232
1212	60-64	-0.2051981678276249
1212	65-69	-0.23909666593238654
1212	70-74	-0.2487256178641175
1212	75-79	-0.15451325866865773
1212	80-84	-0.22315431974307387
1212	85-89	-0.25968194943351364
1212	90-94	-0.16468942036036793
1212	95-99	-0.2032504833013853
1212	100-104	-0.20122142685209354
1212	105-109	-0.1574713332251747
1212	110-114	-0.2139819872646278
1212	115-119	-0.22070984525909765
1212	120-124	-0.06660948478887718
1212	125-129	-0.134935521705831
1212	130-134	-0.22995754057342666
1212	135-139	-0.27269093966013713
1212	140-144	-0.2161466585097216
1212	145-149	-0.4981122700926086
1212	150	-0.779855511506323
1213	1	0.09414288984252295
1213	2	0.06084080299731909
1213	3	0.04758515033318389
1213	4	-0.009867016609618418
1213	5	-0.03900323060990729
1213	6	0.05826273509154589
1213	7	0.03142391980903625
1213	8	0.0038516985698535677
1213	9	-0.07359953407278397
1213	10-14	-0.06692717712855512
1213	15-19	-0.06189915138163116
1213	20-24	-0.03449962870164569
1213	25-29	-0.08721873419679582
1213	30-34	-0.06461226026755895
1213	35-39	-0.08309430243596694
1213	40-44	-0.05015092373776042
1213	45-49	-0.021141627173712152
1213	50-54	-0.11547638572753272
1213	55-59	-0.1398868719126014
1213	60-64	-0.07320724837826731
1213	65-69	-0.05412249686283843
1213	70-74	-0.024975017144797107
1213	75-79	0.049034473325264116
1213	80-84	0.10898445416943758
1213	85-89	0.14402003177753642
1213	90-94	0.1840812366327782
1213	95-99	0.1611535062499705
1213	100-104	0.17627640280716506
1213	105-109	0.26982787149997023
1213	110-114	0.14681487659300174
1213	115-119	0.19466333708053085
1213	120-124	0.27582716839067345
1213	125-129	0.22273527635946166
1213	130-134	0.10245523885794583
1213	135-139	0.1419349284761644
1213	140-144	0.05851151282318057
1213	145-149	0.02533254511837768
1213	150	0.06622615143976063
1214	1	0.14539844582628092
1214	2	0.012765806851184891
1214	3	-0.007263328676110348
1214	4	-0.005239171175155377
1214	5	-0.0063525125070356125
1214	6	0.02482406287531802
1214	7	0.04966617354727987
1214	8	0.012060423712441093
1214	9	0.025481480520504363
1214	10-14	-0.008456517861304746
1214	15-19	-0.016810384103486342
1214	20-24	-0.011981290743683815
1214	25-29	-0.01488910699367807
1214	30-34	0.08732819114808876
1214	35-39	0.06705211218815066
1214	40-44	0.1057781459400573
1214	45-49	0.1502966339639542
1214	50-54	0.12925214184041778
1214	55-59	0.11598227021782037
1214	60-64	0.14975415519810298
1214	65-69	0.05822697772736518
1214	70-74	0.14871836320563858
1214	75-79	0.1834579356344932
1214	80-84	0.15527874146197007
1214	85-89	0.19261362922885183
1214	90-94	0.2993384176615024
1214	95-99	0.2708479271430413
1214	100-104	0.32656171702534564
1214	105-109	0.3270001005734997
1214	110-114	0.24818730092884422
1214	115-119	0.3374945764824133
1214	120-124	0.4522711139741489
1214	125-129	0.5536696450969352
1214	130-134	0.4861742473878259
1214	135-139	0.461868481479609
1214	140-144	0.6909810673167769
1214	145-149	0.6461777933070643
1214	150	0.7492153670504678
1215	1	0.16398589351980064
1215	2	0.1088914954848832
1215	3	0.03444674775109746
1215	4	0.012637579988897585
1215	5	0.00914645112560919
1215	6	0.022434248171869342
1215	7	-0.01612464425355853
1215	8	0.02970756522852014
1215	9	0.005317379910870557
1215	10-14	0.01689954109995284
1215	15-19	-0.011062520488486882
1215	20-24	-0.09787754154613282
1215	25-29	-0.15610781877420976
1215	30-34	0.0016387764652634473
1215	35-39	0.06489037640168505
1215	40-44	0.06932997289873555
1215	45-49	0.010778751745888826
1215	50-54	-0.06389311984428758
1215	55-59	-0.05288206796752348
1215	60-64	-0.06222094074592377
1215	65-69	-0.002382721796394094
1215	70-74	-0.04194652073214655
1215	75-79	-0.022461119935719864
1215	80-84	-0.02527013493462249
1215	85-89	-0.02132361392465043
1215	90-94	-0.014853551623914996
1215	95-99	0.03623900548053882
1215	100-104	0.07529038246222086
1215	105-109	0.14234158635098026
1215	110-114	0.1625226278570686
1215	115-119	0.04958307147707686
1215	120-124	0.237972493350199
1215	125-129	0.30578769257146377
1215	130-134	0.38323277598047056
1215	135-139	0.20686281933692996
1215	140-144	0.4131460832410667
1215	145-149	0.4105926401480602
1215	150	0.6223187054497927
1216	1	0.1447868831948469
1216	2	0.05579569378554794
1216	3	0.06429336495806837
1216	4	0.013103068860466749
1216	5	0.05031004099503633
1216	6	0.05295053186267751
1216	7	0.0108280033797854
1216	8	0.006878764096917678
1216	9	-0.051178475193388806
1216	10-14	-0.05245661682466363
1216	15-19	-0.055981535047344266
1216	20-24	-0.07462011778046218
1216	25-29	-0.21723119858426543
1216	30-34	-0.1519490361460072
1216	35-39	-0.07625372788706386
1216	40-44	-0.06926001680518112
1216	45-49	0.016785723253640583
1216	50-54	-0.004742173951655104
1216	55-59	-0.20754772186511872
1216	60-64	-0.2375264554058205
1216	65-69	-0.225012216710887
1216	70-74	-0.20840034952846764
1216	75-79	-0.2528589264848051
1216	80-84	-0.3290586369986528
1216	85-89	-0.28165067097650365
1216	90-94	-0.254884812749939
1216	95-99	-0.23854081948602257
1216	100-104	-0.39800541105798004
1216	105-109	-0.24872625955416794
1216	110-114	-0.23479124876312696
1216	115-119	-0.23062156320436955
1216	120-124	-0.21632323521806995
1216	125-129	-0.20257336561584438
1216	130-134	-0.22755129010691633
1216	135-139	-0.2205205558543213
1216	140-144	-0.35742509686343027
1216	145-149	-0.17090736466319356
1216	150	-0.17010753801892875
2101	1	-0.09920632331162693
2101	2	0.023424795438003798
2101	3	-0.005368729650946591
2101	4	-0.001746289141756563
2101	5	0.027482400266649165
2101	6	0.04189004196726387
2101	7	0.04020375462390291
2101	8	0.05038001102172984
2101	9	0.05457387823677351
2101	10-14	0.08344583096738489
2101	15-19	0.113601011937007
2101	20-24	0.05858929537852475
2101	25-29	0.16446512467256724
2101	30-34	0.20392506095686969
2101	35-39	0.1679342404118387
2101	40-44	0.03493669962613666
2101	45-49	-0.016291063724416688
2101	50-54	0.03580092639770527
2101	55-59	0.13912398586019492
2101	60-64	0.12380511425909191
2101	65-69	0.10081738146477903
2101	70-74	0.05317112678557834
2101	75-79	0.07350602088598635
2101	80-84	0.06124357376533851
2101	85-89	-0.04668713791052426
2101	90-94	-0.1098829732550044
2101	95-99	-0.10222280029910635
2101	100-104	-0.21560986909502944
2101	105-109	-0.3526816651417377
2101	110-114	-0.5317059523657264
2101	115-119	-0.5852935293014987
2101	120-124	-0.5926723853994886
2101	125-129	-0.6190242777806638
2101	130-134	-0.4061343734936109
2101	135-139	-0.40920429191066887
2101	140-144	-0.3229086593613246
2101	145-149	-0.33551800958169764
2101	150	-0.34127535050839697
2102	1	0.015726514551147375
2102	2	0.015823320479839253
2102	3	0.006428390426428621
2102	4	0.007906876164277321
2102	5	0.04684321461154184
2102	6	0.083903760732575
2102	7	0.06944839533350944
2102	8	0.09432372654188015
2102	9	0.12049283189458038
2102	10-14	0.13645277625139585
2102	15-19	0.18148662950414973
2102	20-24	0.13653038295337439
2102	25-29	0.1049942611412007
2102	30-34	0.0713215975413064
2102	35-39	-0.004779908496573171
2102	40-44	-0.049560888772724354
2102	45-49	-0.04526750129958401
2102	50-54	-0.022330989457138628
2102	55-59	-0.04545942436014627
2102	60-64	-0.04276581481183683
2102	65-69	-0.19831684418218032
2102	70-74	-0.12116528521006842
2102	75-79	-0.18593056163977195
2102	80-84	-0.2410665365065512
2102	85-89	-0.23520490994740584
2102	90-94	-0.2623931223415781
2102	95-99	-0.3488916569201912
2102	100-104	-0.4245685855378234
2102	105-109	-0.6440270236049273
2102	110-114	-0.5675062189780959
2102	115-119	-0.5718139356467411
2102	120-124	-0.5051387407002323
2102	125-129	-0.6230252131510277
2102	130-134	-0.6341633508856468
2102	135-139	-0.5228742207079868
2102	140-144	-0.4546003752887131
2102	145-149	-0.45663860872777207
2102	150	-0.459961202872595
2103	1	-0.012898706381768932
2103	2	-0.03853578195618468
2103	3	0.007388968310081623
2103	4	0.004943493393199105
2103	5	0.0033722624867422724
2103	6	0.04945743782471368
2103	7	0.01826880569237943
2103	8	0.0057536427794886436
2103	9	0.05020734814755912
2103	10-14	0.07794109562432538
2103	15-19	0.07053604163048988
2103	20-24	0.10152020082779956
2103	25-29	0.03573755630757347
2103	30-34	0.0723638245450644
2103	35-39	0.048769426783536574
2103	40-44	0.024909832813385435
2103	45-49	-0.03542734145942461
2103	50-54	0.050330003396162226
2103	55-59	0.007516445923407389
2103	60-64	0.1381753593985664
2103	65-69	-0.03377081329000475
2103	70-74	-0.06358536513015167
2103	75-79	-0.0686958732512366
2103	80-84	-0.12129784366094754
2103	85-89	-0.20435979352537004
2103	90-94	-0.20650766164843049
2103	95-99	-0.1764688873820397
2103	100-104	-0.21711258000489408
2103	105-109	-0.4069208605372303
2103	110-114	-0.48076507550618075
2103	115-119	-0.30807863248836753
2103	120-124	-0.42273844868456223
2103	125-129	-0.4540345883911705
2103	130-134	-0.4417288622973068
2103	135-139	-0.4511132893316727
2103	140-144	-0.4608883181151171
2103	145-149	-0.5033419054310713
2103	150	-0.3638025538293306
2104	1	-0.020934219504376017
2104	2	-0.027715155072662867
2104	3	-0.010469741501765384
2104	4	0.009189686540274522
2104	5	0.04735490232262407
2104	6	0.05087616708373588
2104	7	0.021610061322832053
2104	8	0.017270844554126086
2104	9	0.08960973703353403
2104	10-14	0.04629298113668767
2104	15-19	0.04811947561595531
2104	20-24	0.019842356550917373
2104	25-29	-0.01264461801571315
2104	30-34	-0.0074213078498956975
2104	35-39	0.02448698192763743
2104	40-44	-0.05710762560302385
2104	45-49	-0.13844084098595033
2104	50-54	-0.04116869984294169
2104	55-59	-0.046743180683982644
2104	60-64	-0.10483502315859994
2104	65-69	-0.13087121866541196
2104	70-74	-0.2276343422051852
2104	75-79	-0.20556010043765127
2104	80-84	-0.24087356314725383
2104	85-89	-0.27728617037035264
2104	90-94	-0.23108242402186363
2104	95-99	-0.35015407686497113
2104	100-104	-0.4135585234556167
2104	105-109	-0.4426191379034563
2104	110-114	-0.5352996730190505
2104	115-119	-0.5978160447600729
2104	120-124	-0.6654042367272552
2104	125-129	-0.5645668278489566
2104	130-134	-0.6658097205480473
2104	135-139	-0.6033018592017605
2104	140-144	-0.7018045038255032
2104	145-149	-0.704363288857266
2104	150	-0.5173176990817971
2105	1	-0.021346001973427065
2105	2	-0.05529925154925763
2105	3	-0.03696657077675525
2105	4	0.010540171555426525
2105	5	0.03210457895227847
2105	6	0.041335732467530306
2105	7	0.0379516889778202
2105	8	0.04604781832438931
2105	9	0.11854383407531799
2105	10-14	0.039027749626129093
2105	15-19	0.033649052093650766
2105	20-24	0.03978141274549074
2105	25-29	-0.029735302204400682
2105	30-34	-0.013814529426014133
2105	35-39	-0.09831820943817604
2105	40-44	-0.07239008415429993
2105	45-49	-0.23534853227505437
2105	50-54	-0.17189561701330547
2105	55-59	-0.167562482462408
2105	60-64	-0.23862150022231532
2105	65-69	-0.2039342827468431
2105	70-74	-0.24596221471087176
2105	75-79	-0.3579713532414033
2105	80-84	-0.5003388918707756
2105	85-89	-0.621582563317407
2105	90-94	-0.6822631093247864
2105	95-99	-0.8248150184096268
2105	100-104	-0.9143496948394763
2105	105-109	-0.8451495815465861
2105	110-114	-0.956352415086581
2105	115-119	-0.9991742163813164
2105	120-124	-1.1473045724510769
2105	125-129	-1.3286194778709977
2105	130-134	-1.1748594396478076
2105	135-139	-1.1748744968218858
2105	140-144	-1.2271607118095638
2105	145-149	-1.217808260993312
2105	150	-1.1727692952636843
2106	1	-0.10973989680187657
2106	2	-0.1685617054311237
2106	3	-0.06846736118826158
2106	4	-0.010301970678469274
2106	5	-0.03611948513342611
2106	6	0.004838776661557631
2106	7	-0.0334615616174645
2106	8	-0.02376111884996135
2106	9	-0.049126601747772725
2106	10-14	-0.028101823752542998
2106	15-19	-0.018606723062056574
2106	20-24	-0.025955487629602203
2106	25-29	-0.18944560237284946
2106	30-34	-0.10416881976154002
2106	35-39	-0.16265291104689794
2106	40-44	-0.12703582135924307
2106	45-49	-0.08191920906106276
2106	50-54	-0.13349846592920045
2106	55-59	-0.08007923759878821
2106	60-64	-0.14140253695579474
2106	65-69	-0.16284487244664803
2106	70-74	-0.16068677598306635
2106	75-79	-0.17610471197676247
2106	80-84	-0.13969338211771287
2106	85-89	-0.16680858472055604
2106	90-94	-0.2605106411315923
2106	95-99	-0.25276357410634276
2106	100-104	-0.2667245096298103
2106	105-109	-0.45023549647504524
2106	110-114	-0.42619767328173097
2106	115-119	-0.3450731000850418
2106	120-124	-0.3795613325836271
2106	125-129	-0.40222200148533105
2106	130-134	-0.28298491532843784
2106	135-139	-0.3344189385554799
2106	140-144	-0.46046562985721806
2106	145-149	-0.48681862171840606
2106	150	-0.41084548646194463
2107	1	-0.07401570562586102
2107	2	-0.07077471720515405
2107	3	-0.09919258475976278
2107	4	0.013184672202939396
2107	5	-0.044652221992592445
2107	6	-0.03516430398766346
2107	7	0.05244933485618475
2107	8	0.013877610769675641
2107	9	-0.005368625488614498
2107	10-14	0.025197849235603087
2107	15-19	0.0622297015515656
2107	20-24	0.049540546507010674
2107	25-29	0.09673820560253432
2107	30-34	0.06002099547983164
2107	35-39	0.026003873917645137
2107	40-44	0.03310303465206488
2107	45-49	0.0016972652303977043
2107	50-54	0.01728211482988229
2107	55-59	0.03667793495111482
2107	60-64	0.089011314247891
2107	65-69	0.03346836532041664
2107	70-74	0.08234809819461475
2107	75-79	0.008755314567842731
2107	80-84	0.07931658605048142
2107	85-89	0.058027684915622046
2107	90-94	0.012714217439672382
2107	95-99	-0.05709642219016686
2107	100-104	-0.04441531734107329
2107	105-109	-0.10281159488949854
2107	110-114	-0.13735250567220803
2107	115-119	-0.11420650684366507
2107	120-124	0.019667465627712488
2107	125-129	0.10067054858821578
2107	130-134	0.1464823449774464
2107	135-139	-0.028511699171549054
2107	140-144	0.031148531112371813
2107	145-149	0.18854955602560963
2107	150	0.3156145971597262
2108	1	-0.1152409431879633
2108	2	-0.07078396986761248
2108	3	-0.04916050886325962
2108	4	-0.02917602125327079
2108	5	-9.700941269628061E-4
2108	6	0.006253851586599524
2108	7	0.044166197216661374
2108	8	0.003003727643140053
2108	9	0.02635566984403681
2108	10-14	0.02216377784822754
2108	15-19	0.03107530854165219
2108	20-24	-0.015233148790471773
2108	25-29	-0.06247325166095408
2108	30-34	-0.017613345468447505
2108	35-39	-0.15351689985167383
2108	40-44	-0.19932150217506717
2108	45-49	-0.20881576406044644
2108	50-54	-0.07433377014102405
2108	55-59	-0.013002786509808573
2108	60-64	0.09045303326921328
2108	65-69	0.07622186513999907
2108	70-74	0.0624032132206338
2108	75-79	-0.07081107482736826
2108	80-84	-0.005183600544874878
2108	85-89	-0.01291112105913328
2108	90-94	-0.2203807056244429
2108	95-99	-0.08752898415987787
2108	100-104	0.09142530246393932
2108	105-109	-0.25330886381196294
2108	110-114	0.04466340273877023
2108	115-119	-0.15400338006059755
2108	120-124	-0.1999272985990359
2108	125-129	-0.2627666921444707
2108	130-134	-0.2891482085476689
2108	135-139	-0.724248319050588
2108	140-144	-0.8465702558019004
2108	145-149	-0.8126168037610881
2108	150	-0.7190321516088964
2109	1	-0.0916875913119739
2109	2	-0.06765451420970692
2109	3	-0.07637868229922162
2109	4	-0.038698878492077426
2109	5	-0.03104431565579091
2109	6	0.0321469677000934
2109	7	0.03813306467734634
2109	8	-0.012784147166421178
2109	9	0.019385379827454585
2109	10-14	-0.022024685604314698
2109	15-19	0.012545450481546538
2109	20-24	0.022262676057707154
2109	25-29	0.04764716368649857
2109	30-34	0.05667956547488018
2109	35-39	0.015443785025873069
2109	40-44	0.12364845810374447
2109	45-49	0.09282025429495633
2109	50-54	0.13694426901838597
2109	55-59	0.1335286774953346
2109	60-64	0.10214666414000106
2109	65-69	0.10559408106937695
2109	70-74	0.10790839895764037
2109	75-79	0.10793998231801538
2109	80-84	0.1101273452224163
2109	85-89	0.17860509257430124
2109	90-94	0.2142350430176876
2109	95-99	0.2480596130196382
2109	100-104	0.20674003410930197
2109	105-109	0.19417410736956242
2109	110-114	0.3150550884620422
2109	115-119	0.26957329770927885
2109	120-124	0.20599604347642497
2109	125-129	0.28293545084569516
2109	130-134	0.12368405568219742
2109	135-139	0.2280769123001427
2109	140-144	0.07450310169184604
2109	145-149	0.011940446958689677
2109	150	0.02131660714212913
2110	1	-0.09931172334200511
2110	2	-0.09305785294891677
2110	3	-0.0652881145974078
2110	4	0.0033310113115021522
2110	5	-0.06572742457766623
2110	6	-0.028240725046856596
2110	7	-0.013030358362094319
2110	8	-0.008508795849927253
2110	9	0.053902441006222546
2110	10-14	0.03403536137298602
2110	15-19	0.057773135509840756
2110	20-24	0.10603811780821815
2110	25-29	0.14614922552159015
2110	30-34	0.15316582585589344
2110	35-39	0.08342648339546344
2110	40-44	0.03482335023319649
2110	45-49	0.10506142094821058
2110	50-54	0.24823578775939836
2110	55-59	0.2076331538884304
2110	60-64	0.17841844164932752
2110	65-69	0.13425041305355734
2110	70-74	0.1023186996038703
2110	75-79	0.17029632379927762
2110	80-84	0.18211675446144682
2110	85-89	0.14293198825579623
2110	90-94	0.23309319711119514
2110	95-99	0.32162330004172546
2110	100-104	0.37783396510965517
2110	105-109	0.3812785795282849
2110	110-114	0.4403228669126129
2110	115-119	0.3831391261120878
2110	120-124	0.3267320795871207
2110	125-129	0.3715944807276408
2110	130-134	0.4624525137489357
2110	135-139	0.3131024001750262
2110	140-144	0.44307289527847615
2110	145-149	0.5883571911042189
2110	150	0.6512689281508273
2111	1	-0.04800824036008322
2111	2	-0.03854619712497254
2111	3	-0.04822601716915642
2111	4	-0.024544873199239703
2111	5	-0.0021474409967652264
2111	6	0.03266247419716706
2111	7	0.029321987560038565
2111	8	0.01791553616310182
2111	9	0.04001627347685144
2111	10-14	0.035184946307097675
2111	15-19	0.07151520188566707
2111	20-24	0.09639660973135733
2111	25-29	0.1584695021164393
2111	30-34	0.13521741952535393
2111	35-39	0.1536679830395542
2111	40-44	0.177805921682328
2111	45-49	0.2117799822184807
2111	50-54	0.21371537673628183
2111	55-59	0.2214524793164543
2111	60-64	0.19818621805196557
2111	65-69	0.2851307694124827
2111	70-74	0.17546231215281693
2111	75-79	0.244689970451347
2111	80-84	-0.18818761892175928
2111	85-89	-0.21822977458991488
2111	90-94	-0.18433423766505186
2111	95-99	-0.2188749526387852
2111	100-104	-0.17628209460427513
2111	105-109	-0.263436926103072
2111	110-114	-0.1773838413557165
2111	115-119	-0.2726176033621748
2111	120-124	-0.26191245188571344
2111	125-129	0.016048074451674665
2111	130-134	0.04920463248233986
2111	135-139	0.17083624212012793
2111	140-144	-0.23649276747521952
2111	145-149	-0.658362957510942
2111	150	-0.8829637766104632
2112	1	-0.10860764475611262
2112	2	-0.16383474244109664
2112	3	-0.07817301892517747
2112	4	-0.023289876736932058
2112	5	0.007831736082380303
2112	6	0.013115018345061458
2112	7	-0.01874089423932901
2112	8	-0.012274949570631577
2112	9	-0.04937045239990567
2112	10-14	-0.02670244861596416
2112	15-19	-0.03715905993323787
2112	20-24	-0.09469364858772877
2112	25-29	-0.04979233389328641
2112	30-34	0.044192049533577915
2112	35-39	0.05017922729461333
2112	40-44	0.12788095262953192
2112	45-49	0.18221082360380336
2112	50-54	0.04157446519581498
2112	55-59	0.07498168334075928
2112	60-64	0.11303318058169509
2112	65-69	0.15415361963532348
2112	70-74	0.13133232286977403
2112	75-79	0.2182992400727386
2112	80-84	0.24516809742215884
2112	85-89	0.2346623384844051
2112	90-94	0.3184906652774089
2112	95-99	0.21300458480887485
2112	100-104	0.3644558604235968
2112	105-109	0.3266536120545638
2112	110-114	0.2828006321262144
2112	115-119	0.3538570785811537
2112	120-124	0.34933589688354516
2112	125-129	0.46692724407660435
2112	130-134	0.42299090915101445
2112	135-139	0.5365441664390715
2112	140-144	0.4126917292247576
2112	145-149	0.39491640812317286
2112	150	0.5815382757425667
2113	1	-0.10174568716018939
2113	2	-0.08948170058604887
2113	3	-0.04334792021944622
2113	4	-0.052071189248572125
2113	5	-0.02001384137594897
2113	6	-0.04641157610450364
2113	7	-0.0555923248159047
2113	8	-0.08056660052235998
2113	9	0.024393279273290602
2113	10-14	-0.03965372594205263
2113	15-19	-0.019553634579587253
2113	20-24	0.07766642082853537
2113	25-29	0.064258909536278
2113	30-34	-0.10611618207039442
2113	35-39	0.020622949514979894
2113	40-44	0.0943202301083943
2113	45-49	0.1441235424392886
2113	50-54	0.16161441296652157
2113	55-59	0.10464699096365848
2113	60-64	0.08009393413486521
2113	65-69	0.03743218939293058
2113	70-74	0.09078635011113079
2113	75-79	0.23058607389859986
2113	80-84	0.29798300091255214
2113	85-89	0.29981116093823346
2113	90-94	0.30002326561828596
2113	95-99	0.22830940288956825
2113	100-104	0.3641845091935316
2113	105-109	0.4431287553986749
2113	110-114	0.5750229909424185
2113	115-119	0.5271496008167951
2113	120-124	0.5295493972487684
2113	125-129	0.5993268912662906
2113	130-134	0.7072246089805745
2113	135-139	0.8369127314702709
2113	140-144	0.7436345419679462
2113	145-149	0.7414383143491499
2113	150	0.7604623952683944
2114	1	-0.11729985699317069
2114	2	-0.12172347275009088
2114	3	-0.10082830502015838
2114	4	-0.022956582067962472
2114	5	0.038172972271866
2114	6	0.0014511882182475233
2114	7	-0.015997999259930396
2114	8	0.0205737838947897
2114	9	0.07241455933734642
2114	10-14	0.021915735715708706
2114	15-19	-0.06404699549685944
2114	20-24	0.02300363085559809
2114	25-29	0.015471390148810826
2114	30-34	0.0362424302786124
2114	35-39	0.046564545004379454
2114	40-44	0.07301089008523576
2114	45-49	0.1270043218213317
2114	50-54	0.08576666838482083
2114	55-59	0.01527198047584477
2114	60-64	0.025663194426705616
2114	65-69	0.026605324540639685
2114	70-74	0.07719654689837796
2114	75-79	0.13744776786553814
2114	80-84	0.14121006377468603
2114	85-89	0.1835038465604626
2114	90-94	0.23401047888158644
2114	95-99	0.2552792831008084
2114	100-104	0.33105193250068154
2114	105-109	0.2424841446941599
2114	110-114	0.1954451821873171
2114	115-119	0.10513245354877654
2114	120-124	0.21059127417103696
2114	125-129	0.17861379816571343
2114	130-134	0.2958176484315196
2114	135-139	0.20243265111567155
2114	140-144	0.2282158146965223
2114	145-149	0.44546185738272825
2114	150	0.6908811764771201
2115	1	-0.1404479806644474
2115	2	-0.10581854602504137
2115	3	-0.08605332876761906
2115	4	-0.048350508004070036
2115	5	-0.07446270549574763
2115	6	-0.040408380702857016
2115	7	-0.014201592426068999
2115	8	-0.02714584270166398
2115	9	0.0042766660208855
2115	10-14	-0.010430572515517156
2115	15-19	0.006618879293931457
2115	20-24	0.005534837403033066
2115	25-29	-0.026579245261075357
2115	30-34	0.003322188274765381
2115	35-39	0.052362245392153284
2115	40-44	0.03619618140216119
2115	45-49	0.07616547972244092
2115	50-54	0.09963272034903525
2115	55-59	0.008688748623640663
2115	60-64	0.04022172656610934
2115	65-69	0.07921998352587423
2115	70-74	0.0749572946453867
2115	75-79	0.13388109550065508
2115	80-84	0.17574222550769036
2115	85-89	0.12049819592692756
2115	90-94	0.08925627468452291
2115	95-99	0.19579560026706488
2115	100-104	0.19128196421683086
2115	105-109	0.12724723105974078
2115	110-114	0.17474705666558776
2115	115-119	0.17874233836844056
2115	120-124	0.1276349924159632
2115	125-129	0.020861227653227843
2115	130-134	0.13631434493451877
2115	135-139	0.17628943907210726
2115	140-144	0.20656209238060086
2115	145-149	0.08112628999603189
2115	150	0.07586531839913135
2116	1	-0.16040692884287466
2116	2	-0.13235561639620386
2116	3	-0.17747159970964077
2116	4	-0.06896201403980484
2116	5	-0.04263398413625907
2116	6	-0.028582676364109716
2116	7	-0.060950159341217613
2116	8	-0.042990286468125305
2116	9	-0.06580889533142198
2116	10-14	-0.06725768366730733
2116	15-19	-0.11724507679993934
2116	20-24	-0.09867339804662123
2116	25-29	-0.1431798086642715
2116	30-34	-0.05336593652819488
2116	35-39	-0.011464862369720663
2116	40-44	-0.010328990381580638
2116	45-49	-0.058118384640444276
2116	50-54	-0.17373173236678952
2116	55-59	-0.08966968700026001
2116	60-64	-0.1651014505940296
2116	65-69	-0.1843986447127577
2116	70-74	-0.16701912513406825
2116	75-79	-0.19206968977221806
2116	80-84	-0.072545191481872
2116	85-89	-0.14704272877297342
2116	90-94	-0.18644586062038115
2116	95-99	-0.2592402819403077
2116	100-104	-0.23324404148499056
2116	105-109	-0.3641932437989901
2116	110-114	-0.3367750811478487
2116	115-119	-0.21961304633560985
2116	120-124	-0.25211401857752236
2116	125-129	-0.24604256328418828
2116	130-134	-0.19272939508643105
2116	135-139	-0.11358642238900529
2116	140-144	-0.19289331842575308
2116	145-149	-0.20011699374290615
2116	150	-0.12809545355138852
2201	1	-0.055135956311325174
2201	2	-0.0414919360076027
2201	3	-0.02069150954115173
2201	4	0.011429043842070996
2201	5	0.07626304974329656
2201	6	0.049339318552235056
2201	7	0.05165867953054715
2201	8	0.03169173932379721
2201	9	0.0729114397767674
2201	10-14	0.10679119610968257
2201	15-19	0.07544547419147563
2201	20-24	0.06313016837765417
2201	25-29	0.18590223286042828
2201	30-34	0.26003209785775994
2201	35-39	0.2132126894132398
2201	40-44	0.2410365656492317
2201	45-49	0.3045910948504016
2201	50-54	0.3871563829938083
2201	55-59	0.3498706208705471
2201	60-64	0.39376411772803266
2201	65-69	0.3010465683434731
2201	70-74	0.3990034809024081
2201	75-79	0.43565274467863446
2201	80-84	0.5312718756331876
2201	85-89	0.5937670176834686
2201	90-94	0.6779002211802378
2201	95-99	0.7878338636960542
2201	100-104	0.7073092606777749
2201	105-109	0.6769485626190033
2201	110-114	0.6782452977171296
2201	115-119	0.7881603229864531
2201	120-124	0.801383820623645
2201	125-129	0.9705360489863928
2201	130-134	1.076200038484366
2201	135-139	1.199199213583988
2201	140-144	1.1482534044855974
2201	145-149	1.2627959302431897
2201	150	1.433298765635719
2202	1	-0.0751918304474799
2202	2	-0.04806498574415485
2202	3	0.022903754497733075
2202	4	0.06650820536000168
2202	5	0.1189813488636986
2202	6	0.08942613866341986
2202	7	0.1001503797187766
2202	8	0.12167091067667002
2202	9	0.06598277424160415
2202	10-14	0.09835889505539086
2202	15-19	0.19089865550197516
2202	20-24	0.218506539791683
2202	25-29	0.24603850031623153
2202	30-34	0.2594003637243887
2202	35-39	0.228023795298526
2202	40-44	0.2582979539725372
2202	45-49	0.24224950308993698
2202	50-54	0.22791482229617088
2202	55-59	0.23916637110595929
2202	60-64	0.32313714526292614
2202	65-69	0.3107800415082167
2202	70-74	0.4387132625765062
2202	75-79	0.37700858346743615
2202	80-84	0.46349372458215754
2202	85-89	0.616536516909818
2202	90-94	0.7222226864195775
2202	95-99	0.7821750542689365
2202	100-104	0.7895387341385316
2202	105-109	0.8217638848690427
2202	110-114	0.7957965732891914
2202	115-119	0.9301475843066136
2202	120-124	1.0456244903342764
2202	125-129	1.0456758365711956
2202	130-134	1.108442940044423
2202	135-139	1.2243500922529833
2202	140-144	1.3101402325815812
2202	145-149	1.5351855574016469
2202	150	1.6358350112793758
2203	1	-0.08705144143782206
2203	2	-8.011101354199468E-4
2203	3	0.005466050014547363
2203	4	0.06959690631760651
2203	5	0.10963191673510408
2203	6	0.08533123234353468
2203	7	0.10290576365326132
2203	8	0.10314919006917478
2203	9	0.13002802147564552
2203	10-14	0.13159696692310519
2203	15-19	0.235788291145262
2203	20-24	0.19142147809676402
2203	25-29	0.23001110209840192
2203	30-34	0.29667204984129114
2203	35-39	0.32136768244458835
2203	40-44	0.3503565103419177
2203	45-49	0.34957114629135333
2203	50-54	0.33388653155395787
2203	55-59	0.20129909235249954
2203	60-64	0.20247781770243733
2203	65-69	0.2414446557857417
2203	70-74	0.26692174244117695
2203	75-79	0.2881006823456005
2203	80-84	0.30623891034017703
2203	85-89	0.3794747910855065
2203	90-94	0.5110759544531831
2203	95-99	0.6075183321732816
2203	100-104	0.6551180122680442
2203	105-109	0.6045158326214093
2203	110-114	0.607270036876141
2203	115-119	0.2951914213815492
2203	120-124	0.8069819367874089
2203	125-129	0.8930282288198477
2203	130-134	1.1084330435456096
2203	135-139	1.10705296220085
2203	140-144	1.1207845608760394
2203	145-149	1.2923348948328837
2203	150	1.5498346205700173
2204	1	-0.031234562956555578
2204	2	-0.017365355795654125
2204	3	0.003061178859859126
2204	4	0.020829042422455757
2204	5	0.030413302080340543
2204	6	0.029550557665544375
2204	7	0.03267608404351563
2204	8	0.04679629416718001
2204	9	0.09145555084765533
2204	10-14	0.007379237250205506
2204	15-19	0.08230173080156789
2204	20-24	0.09944973851741423
2204	25-29	0.252451426162672
2204	30-34	0.2620482744014154
2204	35-39	0.2653471910919336
2204	40-44	0.23937650020485535
2204	45-49	-0.06643596306289368
2204	50-54	-0.04723626906498879
2204	55-59	0.20253598858702304
2204	60-64	0.17120979960589722
2204	65-69	0.21657505652162
2204	70-74	0.19484808245120178
2204	75-79	0.17013266773535918
2204	80-84	0.3417955371111461
2204	85-89	0.4160972846425679
2204	90-94	0.4641991358825095
2204	95-99	0.4700364005528819
2204	100-104	0.5517164638179644
2204	105-109	0.5479459150320025
2204	110-114	0.5276000814738602
2204	115-119	0.4908496467515633
2204	120-124	0.42061059035455983
2204	125-129	0.22990971365849688
2204	130-134	0.2125964809224179
2204	135-139	0.6028166479089272
2204	140-144	0.4357994178442013
2204	145-149	0.6727887966642605
2204	150	0.8115897943616837
2205	1	-0.10541143840499245
2205	2	-0.05939918428811808
2205	3	-0.03975724212283893
2205	4	0.0358073847466045
2205	5	0.01687659032673139
2205	6	0.0608904104464969
2205	7	-0.004486760419830205
2205	8	0.009859327304752696
2205	9	-5.656550729966625E-4
2205	10-14	0.03100935603524846
2205	15-19	0.03972566319773563
2205	20-24	0.11753642236850226
2205	25-29	0.11226222045461043
2205	30-34	0.18586228412744532
2205	35-39	0.2075516236076851
2205	40-44	0.15177890779434478
2205	45-49	0.15056212362095067
2205	50-54	0.19544237354350003
2205	55-59	0.08321508295072277
2205	60-64	0.13594206821422716
2205	65-69	0.23815327660611985
2205	70-74	0.2375616696532532
2205	75-79	0.2646447721173786
2205	80-84	0.38366327913235665
2205	85-89	0.41026711802462046
2205	90-94	0.5036129170735464
2205	95-99	0.5761353615159202
2205	100-104	0.5933430482829039
2205	105-109	0.5630502173359417
2205	110-114	0.5930293817847847
2205	115-119	0.6103904508758262
2205	120-124	0.25016640869581863
2205	125-129	0.5056175077644234
2205	130-134	0.7856777171372435
2205	135-139	0.8140011766219573
2205	140-144	0.8333366876483517
2205	145-149	1.04974409947312
2205	150	0.9172241118127218
2206	1	-0.1513821428082096
2206	2	-0.0720278951568929
2206	3	-0.021496331091611864
2206	4	-0.011574165078606313
2206	5	-0.003539724176690129
2206	6	2.8473352023183907E-4
2206	7	0.02396463118679293
2206	8	0.01054764885911652
2206	9	-0.008148373696485578
2206	10-14	-0.005818149201978429
2206	15-19	-0.010104509162204067
2206	20-24	0.07003069183668487
2206	25-29	0.10392287431075431
2206	30-34	0.09425990575119414
2206	35-39	-0.13270042113157388
2206	40-44	-0.150243040882458
2206	45-49	0.06960495215225393
2206	50-54	0.009489592467893715
2206	55-59	-0.08636107145956373
2206	60-64	-0.14193304730079603
2206	65-69	0.08869367315563181
2206	70-74	-0.07073893579347157
2206	75-79	-0.17610327193782638
2206	80-84	0.045406182974524256
2206	85-89	0.18090923356923838
2206	90-94	0.18916148600271754
2206	95-99	0.2959370867595261
2206	100-104	0.24561520003593174
2206	105-109	0.1984549721152291
2206	110-114	0.19953617456151562
2206	115-119	0.325110205671546
2206	120-124	0.4052860016882889
2206	125-129	0.2285525266579107
2206	130-134	0.40677607180865394
2206	135-139	0.40441735957802294
2206	140-144	0.4219034134017079
2206	145-149	0.43315140627115767
2206	150	0.45699910005567546
2207	1	-0.1363325375079043
2207	2	-0.0719583423018264
2207	3	-0.0187075847095457
2207	4	0.006051786809187831
2207	5	0.03292518819351642
2207	6	0.03988666671548202
2207	7	0.031958107843223615
2207	8	0.057697852416005446
2207	9	0.10003828644003931
2207	10-14	0.09997453227315134
2207	15-19	0.1430794810970042
2207	20-24	0.1366916106145979
2207	25-29	0.22873746238440162
2207	30-34	0.196781970501668
2207	35-39	0.3173277061110369
2207	40-44	0.23442706771523092
2207	45-49	0.20347375744167806
2207	50-54	0.21180459717844968
2207	55-59	0.12327017936944884
2207	60-64	0.05150963196360436
2207	65-69	0.10077600741066561
2207	70-74	0.3924341708893877
2207	75-79	0.4048891741799636
2207	80-84	0.4649085994685791
2207	85-89	0.4988918266493343
2207	90-94	0.5757051682567109
2207	95-99	0.6233169677884298
2207	100-104	0.5401439241746893
2207	105-109	-0.21684947892738293
2207	110-114	0.5160349620630846
2207	115-119	0.6314902601574524
2207	120-124	0.7192085786470841
2207	125-129	0.8108015156757062
2207	130-134	0.895409298687003
2207	135-139	0.9169509541171905
2207	140-144	0.9969730512847157
2207	145-149	1.0605408784517145
2207	150	1.1218084163970268
2208	1	-0.13718132347779743
2208	2	-0.08623835294861948
2208	3	-0.060477022499746624
2208	4	-0.06114721949016655
2208	5	-0.013886688895176746
2208	6	-0.48303055447163956
2208	7	-0.10775886491873621
2208	8	-0.06592176134201821
2208	9	-0.017755165782482152
2208	10-14	0.01363762043451544
2208	15-19	0.012637639201869888
2208	20-24	0.04599187974186236
2208	25-29	-0.03537486127810041
2208	30-34	-0.06922577799742413
2208	35-39	-0.006126586616602481
2208	40-44	-0.1888352870004084
2208	45-49	0.07461444297682363
2208	50-54	0.06039596736151509
2208	55-59	-0.17784093174165605
2208	60-64	-0.05095184734908287
2208	65-69	0.0623121029952074
2208	70-74	0.13107138142970598
2208	75-79	0.17083895680794825
2208	80-84	0.15652543323074752
2208	85-89	0.04740038844509087
2208	90-94	0.29269330891267487
2208	95-99	0.3074065191444255
2208	100-104	0.42710485636053264
2208	105-109	0.2783266367677655
2208	110-114	0.22515364422674722
2208	115-119	0.3350655122794173
2208	120-124	0.25518024634884995
2208	125-129	0.3428693594044425
2208	130-134	0.43025713827532996
2208	135-139	0.47542491383682517
2208	140-144	0.5031053081090135
2208	145-149	0.6010596138493405
2208	150	0.7413127490501452
2209	1	-0.1871695954550603
2209	2	-0.16138632003255537
2209	3	-0.06914473675220734
2209	4	-0.07698357741883655
2209	5	-0.030832359050272373
2209	6	-0.06614916799007631
2209	7	-0.123671939988661
2209	8	-0.024318143820174498
2209	9	0.018963245273255325
2209	10-14	-0.14502938837296853
2209	15-19	-0.0013398712122594247
2209	20-24	0.049907716628872834
2209	25-29	0.04760910043034983
2209	30-34	0.021484393460973195
2209	35-39	0.08371130212766786
2209	40-44	0.05659087231023108
2209	45-49	0.03925004537392596
2209	50-54	-0.05474288184609577
2209	55-59	-0.035001991884371364
2209	60-64	0.019589299492814405
2209	65-69	-0.0283704679284682
2209	70-74	0.07907770574392714
2209	75-79	-0.015256281791181436
2209	80-84	0.09716885195819458
2209	85-89	0.22868246414638804
2209	90-94	0.23874484519546968
2209	95-99	0.2199036532742049
2209	100-104	0.3792492327295385
2209	105-109	0.20707351958277087
2209	110-114	0.2809494919776121
2209	115-119	0.17475772663593148
2209	120-124	0.12004838104651583
2209	125-129	0.2175556127509033
2209	130-134	0.31703048585864835
2209	135-139	0.42171101057449434
2209	140-144	0.4793125008260013
2209	145-149	-0.00473905568142996
2209	150	-0.4177077758714596
2210	1	-0.0865246374382238
2210	2	-0.09488599638130779
2210	3	-0.06656667733303578
2210	4	-0.013334644095571946
2210	5	0.00867425006823197
2210	6	0.009814237690171979
2210	7	-0.033485320165652865
2210	8	-0.2330880632390233
2210	9	-0.14011763094101326
2210	10-14	-0.0016334176594057226
2210	15-19	-0.009757205195178642
2210	20-24	-0.015284621413989896
2210	25-29	0.02066805070241884
2210	30-34	-0.020137270815475006
2210	35-39	-0.01814448894231191
2210	40-44	0.07600497206800583
2210	45-49	0.02581194281650312
2210	50-54	0.08183611307384098
2210	55-59	0.00893709535050391
2210	60-64	0.012436378283020133
2210	65-69	0.10132807895750773
2210	70-74	0.20757279608036328
2210	75-79	0.21896572008896698
2210	80-84	0.2394422217508989
2210	85-89	0.2364274498394039
2210	90-94	0.2898902618135324
2210	95-99	0.41276559943601754
2210	100-104	0.37911451146988284
2210	105-109	0.3331193248110509
2210	110-114	0.04797143164353557
2210	115-119	0.059591635222176365
2210	120-124	0.43741255617042896
2210	125-129	0.4102212524252806
2210	130-134	0.33175633152618644
2210	135-139	0.44279871891783174
2210	140-144	0.34181224350610506
2210	145-149	0.542840707767251
2210	150	0.435956688136919
2211	1	-0.17817810496177344
2211	2	-0.08378693165334994
2211	3	-0.0472227848840987
2211	4	0.020443626410440174
2211	5	-0.026278443347571567
2211	6	0.02265218821255388
2211	7	0.029166778266890958
2211	8	0.05678809205271307
2211	9	0.07347727266322579
2211	10-14	0.04423068342598668
2211	15-19	0.061650422631643664
2211	20-24	-0.12249954304405009
2211	25-29	-0.06994175716837958
2211	30-34	-0.3750253791756393
2211	35-39	-0.14578610513200374
2211	40-44	0.0014353078905955385
2211	45-49	-0.00946355654070885
2211	50-54	-0.07876894221040942
2211	55-59	-0.1288492196466322
2211	60-64	-0.2384947318859858
2211	65-69	-0.10854265247839123
2211	70-74	-0.09933274499400824
2211	75-79	-0.056291383506376746
2211	80-84	-0.018955998460640444
2211	85-89	-0.03525850115077844
2211	90-94	0.21518082445354025
2211	95-99	0.24246049411984316
2211	100-104	0.25334842166717664
2211	105-109	0.07170588230049191
2211	110-114	0.1928594773518988
2211	115-119	0.23080080601367214
2211	120-124	0.24363566997086394
2211	125-129	0.29018890619591886
2211	130-134	0.16309816302923608
2211	135-139	0.3527939782649554
2211	140-144	0.14110946931423385
2211	145-149	-0.07275195290254288
2211	150	-0.18213404897344176
2212	1	-0.18722318372565638
2212	2	-0.15676343855551522
2212	3	-0.11207965915638596
2212	4	-0.03803919489861585
2212	5	-0.03642340194947025
2212	6	-0.048465038692299345
2212	7	0.006876232294054319
2212	8	-0.0505156630404997
2212	9	-0.08758452688370966
2212	10-14	-0.022795257646173184
2212	15-19	0.01164206596799744
2212	20-24	0.005300125671709566
2212	25-29	0.0706106151921233
2212	30-34	0.012653046466212459
2212	35-39	0.035557596677378456
2212	40-44	-0.04084332129347246
2212	45-49	0.031829856171597726
2212	50-54	-0.014554536937694706
2212	55-59	0.008971113948888387
2212	60-64	0.05172011203389815
2212	65-69	0.0522405812584239
2212	70-74	0.0136235630133541
2212	75-79	0.015299750104560417
2212	80-84	0.11564108608892099
2212	85-89	0.13983239698242755
2212	90-94	0.15269494379788995
2212	95-99	0.17715593256197693
2212	100-104	0.26021182097155204
2212	105-109	0.10042785951817734
2212	110-114	0.08211771627668085
2212	115-119	0.2536961072698425
2212	120-124	0.2752078597398224
2212	125-129	0.33852577480183044
2212	130-134	0.3327189879593142
2212	135-139	0.25164541853127886
2212	140-144	0.16815685190777074
2212	145-149	-0.023281311819069117
2212	150	-0.18501321472367138
2213	1	-0.17561542583440826
2213	2	-0.1569252201914253
2213	3	-0.09283539093375737
2213	4	-0.055958820113431784
2213	5	-0.06260610615186124
2213	6	-0.03367319177169037
2213	7	-0.03464414563737961
2213	8	-0.04883796066150836
2213	9	-0.017915336065996712
2213	10-14	-0.04793207187675108
2213	15-19	-0.02570327317159382
2213	20-24	-0.016987722888764267
2213	25-29	-0.07320402297713713
2213	30-34	-0.0450209447671881
2213	35-39	-0.047518912033204685
2213	40-44	0.11860293860112847
2213	45-49	0.11805559488502837
2213	50-54	-0.00909757979106729
2213	55-59	0.06048262517409597
2213	60-64	0.10832801293653915
2213	65-69	0.13424444494948773
2213	70-74	0.12090558385965267
2213	75-79	0.2298257746024106
2213	80-84	0.25967262486764753
2213	85-89	0.24132644890032395
2213	90-94	0.2988223740977034
2213	95-99	0.3656162242575469
2213	100-104	0.31931413847114243
2213	105-109	0.3019334715235047
2213	110-114	0.30272327417603506
2213	115-119	0.3845083285466053
2213	120-124	0.2780987754179236
2213	125-129	0.3755327132378099
2213	130-134	0.47731625596503946
2213	135-139	0.5108571397448713
2213	140-144	0.5678605799763758
2213	145-149	0.6278384673713369
2213	150	0.6584775026453009
2214	1	-0.18292229426715778
2214	2	-0.12070328850439438
2214	3	-0.14898822685459834
2214	4	-0.06943844800308341
2214	5	-0.008323017461471238
2214	6	0.04899798853866599
2214	7	0.01507480282432283
2214	8	0.03386829214576892
2214	9	0.07520125906064123
2214	10-14	0.03568087865745895
2214	15-19	0.07845237562244023
2214	20-24	0.07053684259542337
2214	25-29	0.05976046950909364
2214	30-34	-0.16782590749603088
2214	35-39	-0.24161912859850787
2214	40-44	-0.21929687312735524
2214	45-49	-0.39003459860905565
2214	50-54	-0.2514423442040865
2214	55-59	-0.28077707281339315
2214	60-64	-0.28055323925180176
2214	65-69	-0.20997531283218507
2214	70-74	-0.021469006912099076
2214	75-79	-0.020863002080680815
2214	80-84	0.029313930484079265
2214	85-89	-0.013800678585553783
2214	90-94	-0.027808850681040553
2214	95-99	-0.05393047403527618
2214	100-104	-0.07117579189078782
2214	105-109	-0.01533050825587523
2214	110-114	-0.029155798212421757
2214	115-119	-0.16226818478743255
2214	120-124	0.042635942243940406
2214	125-129	-0.08802165738475765
2214	130-134	-4.577354772905551E-5
2214	135-139	-0.128258243464888
2214	140-144	-0.1562626960188318
2214	145-149	-0.20359250229183345
2214	150	-0.2191395245509149
2215	1	-0.16775337189903894
2215	2	-0.11961426173991896
2215	3	-0.07575675116465419
2215	4	-0.009502076269427562
2215	5	-0.008257006949079937
2215	6	-0.005014746502766343
2215	7	0.03147152072297388
2215	8	0.06382885013115924
2215	9	-0.007692101983423072
2215	10-14	0.03247939814435341
2215	15-19	0.055487875782624485
2215	20-24	-0.022094037180949044
2215	25-29	-0.025495422442553206
2215	30-34	0.013039903987326795
2215	35-39	0.10883654930304942
2215	40-44	0.17841200467046292
2215	45-49	0.14016834997784855
2215	50-54	0.17763179528287765
2215	55-59	0.11397594225343255
2215	60-64	0.09224162824015991
2215	65-69	0.1486375627969707
2215	70-74	0.17020856371328108
2215	75-79	0.19402685717903978
2215	80-84	0.17770034018111147
2215	85-89	0.23513452784252564
2215	90-94	0.22693475275362118
2215	95-99	0.12985669868460192
2215	100-104	0.09545322433547554
2215	105-109	0.2082084884078128
2215	110-114	0.21713253335867222
2215	115-119	0.09294494408738885
2215	120-124	0.24010982261762948
2215	125-129	0.15519433957347673
2215	130-134	0.08910397584702778
2215	135-139	0.09530586653150763
2215	140-144	0.1697453285124375
2215	145-149	0.275082640320214
2215	150	0.2983083740851029
2216	1	-0.20191596661529587
2216	2	-0.08902990203180394
2216	3	-0.10507332269816061
2216	4	-0.026202272029109963
2216	5	0.008660666865623057
2216	6	0.01170663791721438
2216	7	0.010818462669575979
2216	8	0.01999127769242648
2216	9	0.038048035578071904
2216	10-14	0.025748584770546756
2216	15-19	0.03737610324524354
2216	20-24	-0.015434441248700637
2216	25-29	-0.009916813101405353
2216	30-34	0.010344765254572508
2216	35-39	0.058324548869855164
2216	40-44	0.08865948822276692
2216	45-49	0.12494088382379687
2216	50-54	0.17618272634791765
2216	55-59	0.10168852043076271
2216	60-64	0.09334585172873489
2216	65-69	0.11894612854833042
2216	70-74	0.11877362055186325
2216	75-79	0.15901842291508217
2216	80-84	0.16462946764384867
2216	85-89	0.13831123773798737
2216	90-94	0.21656449268635924
2216	95-99	0.24258419721022406
2216	100-104	0.07570027234309151
2216	105-109	0.11004678126099066
2216	110-114	0.11875217100903868
2216	115-119	0.1754660062042923
2216	120-124	0.07476717255188703
2216	125-129	0.08460737836873378
2216	130-134	0.09918583470465947
2216	135-139	0.1538561972511765
2216	140-144	0.0909452305737446
2216	145-149	-0.07390171656274802
2216	150	-0.030893072394107435
>>END_MODULE
>>Per sequence quality scores	pass
#Quality	Count
2	1.0
3	2.0
4	23.0
5	126.0
6	535.0
7	1209.0
8	1769.0
9	2070.0
10	2377.0
11	2756.0
12	2765.0
13	3005.0
14	3271.0
15	3443.0
16	3812.0
17	4031.0
18	4357.0
19	4697.0
20	5062.0
21	5715.0
22	6705.0
23	7981.0
24	9552.0
25	11573.0
26	14784.0
27	18448.0
28	22866.0
29	27906.0
30	34578.0
31	43668.0
32	58407.0
33	84937.0
34	148809.0
35	373556.0
36	562003.0
37	76091.0
38	369.0
>>END_MODULE
>>Per base sequence content	warn
#Base	G	A	T	C
1	41.25464866553113	20.716288924021082	13.355636195033052	24.673426215414736
2	16.365009483658877	19.054299580607235	37.5314029505575	27.04928798517639
3	21.018736757664698	24.40355974574716	28.98824856414618	25.589454932441956
4	14.518469589043917	17.47670699485468	36.17497695164223	31.829846464459177
5	14.895937483301132	33.18341103068471	35.14813143288681	16.772520053127348
6	31.056939568225815	34.92830483146436	18.414561674713635	15.600193925596184
7	25.430451723223275	29.44197078130271	22.421345667026344	22.70623182844767
8	25.085417507643637	33.961176962156195	19.41911588131489	21.534289648885274
9	23.579454553297293	16.46550897178127	20.5818218339633	39.373214640958146
10-14	26.717823621173288	21.24997827149239	25.12787629107573	26.90432181625859
15-19	25.525775160485146	25.900986248912773	23.766145890672448	24.80709269992963
20-24	25.36156558564927	24.612997574776646	24.717062640551255	25.308374199022825
25-29	25.44423887844749	24.50869755341554	24.6953680177881	25.351695550348875
30-34	25.500190254954514	24.578132977589835	24.533308781537734	25.388367985917913
35-39	25.50710509880176	24.48977857331419	24.63090186786512	25.372214460018927
40-44	25.380125544160986	24.468697342504793	24.69422353917605	25.45695357415817
45-49	25.309530260945536	24.463373561749968	24.7988149891204	25.428281188184098
50-54	25.195967347209987	24.480295226178374	24.823135871595465	25.50060155501618
55-59	25.236895548094253	24.381867176768527	24.71386602512499	25.667371250012234
60-64	25.17357726644487	24.497114578121167	24.700184721595225	25.629123433838743
65-69	25.230070849073783	24.504570255853466	24.475598132701595	25.78976076237116
70-74	25.182956736412116	24.52094777854023	24.48606453824389	25.81003094680377
75-79	25.31942319678169	24.539299161940672	24.361102096951154	25.78017554432649
80-84	25.240348179857126	24.628304622476126	24.41970989647917	25.71163730118758
85-89	25.249736709190696	24.500970872786173	24.3999042906679	25.849388127355226
90-94	25.22924945977897	24.397669644857793	24.523536638447254	25.84954425691599
95-99	25.24726382401319	24.393074436632535	24.558421354168075	25.8012403851862
100-104	25.133990905320218	24.44082193364899	24.613711762805355	25.811475398225436
105-109	25.12443400603392	24.707990702265832	24.521698640558565	25.645876651141684
110-114	25.05702217107514	24.91878855587915	24.364360373682743	25.659828899362967
115-119	24.944047087879646	25.047962858160123	24.40140588894662	25.606584165013608
120-124	24.940416075999586	25.121501758255317	24.331848172345463	25.606233993399634
125-129	24.850328778362975	25.238262266061056	24.343672989852465	25.56773596572351
130-134	24.904938535009826	25.185316903525763	24.244237049577464	25.665507511886947
135-139	24.871454049675464	25.307904457328334	24.210623632471055	25.610017860525147
140-144	24.8307334621487	25.353772279045717	24.17325229450768	25.642241964297902
145-149	24.81379251379205	25.35763271709699	24.15137235471026	25.677202414400696
150	24.893496065293654	25.494502098531513	24.05079997862517	25.56120185754966
>>END_MODULE
>>Per sequence GC content	warn
#GC Content	Count
0	0.0
1	0.0
2	0.0
3	0.0
4	0.0
5	0.0
6	0.0
7	0.0
8	0.0
9	0.0
10	0.0
11	0.0
12	0.0
13	0.0
14	1.0
15	5.5
16	18.0
17	31.0
18	37.0
19	55.5
20	91.0
21	141.5
22	230.5
23	416.5
24	607.0
25	827.5
26	1194.5
27	1670.5
28	2276.0
29	3070.5
30	3895.5
31	4602.5
32	5417.0
33	6234.0
34	7350.0
35	8820.5
36	10212.0
37	11772.0
38	13548.0
39	15902.5
40	19045.0
41	22451.0
42	26456.5
43	31152.0
44	36710.5
45	43327.0
46	50676.0
47	59097.0
48	68622.0
49	77882.0
50	86972.5
51	95018.0
52	100404.5
53	103311.5
54	101907.5
55	96252.0
56	87876.0
57	77699.5
58	66250.0
59	54058.5
60	42809.0
61	32969.0
62	24210.0
63	16904.5
64	11685.0
65	7973.5
66	5150.5
67	3156.5
68	1857.0
69	1175.5
70	719.0
71	424.0
72	258.0
73	148.5
74	99.0
75	49.5
76	24.0
77	16.0
78	11.0
79	7.5
80	4.0
81	4.0
82	4.0
83	1.5
84	1.0
85	1.0
86	0.0
87	0.0
88	0.0
89	0.0
90	0.0
91	0.0
92	0.0
93	0.0
94	0.0
95	0.0
96	0.0
97	0.0
98	0.0
99	0.0
100	0.0
>>END_MODULE
>>Per base N content	pass
#Base	N-Count
1	0.025366020734468624
2	0.0039272265604126545
3	1.2876152657090672E-4
4	1.9314228985636007E-4
5	6.438076328545336E-4
6	0.005536745642548989
7	4.506653429981735E-4
8	3.8628457971272013E-4
9	0.0
10-14	0.0
15-19	0.0
20-24	0.0
25-29	0.0026138589893894065
30-34	0.005150461062836269
35-39	0.00959273372953255
40-44	0.011588537391381605
45-49	0.016777626912189144
50-54	0.0075711777623693145
55-59	3.862845797127202E-5
60-64	1.6738998454217873E-4
65-69	0.0026911159053319505
70-74	0.004995947230951181
75-79	0.009463972202961643
80-84	0.01285040035177649
85-89	0.014382662517970279
90-94	0.012296725787521593
95-99	0.0103524267363009
100-104	0.00844675614305148
105-109	0.006850113213572238
110-114	0.005871525611633346
115-119	0.005021699536265362
120-124	0.004609662651238461
125-129	0.0035151896753857536
130-134	5.150461062836269E-5
135-139	7.725691594254404E-5
140-144	0.0018155375246497847
145-149	0.0029228866531595824
150	0.0019314228985636006
>>END_MODULE
>>Sequence Length Distribution	pass
#Length	Count
150	1553259.0
>>END_MODULE
>>Sequence Duplication Levels	pass
#Total Deduplicated Percentage	72.15422404292285
#Duplication Level	Percentage of total
1	55.146882585025246
2	22.591502156697903
3	10.208578273346678
4	4.9556331459246
5	2.5462824532017527
6	1.407882296991031
7	0.861021215615956
8	0.5518586867871011
9	0.3674058528712957
>10	1.3222480417772153
>50	0.04070529176125159
>100	0.0
>500	0.0
>1k	0.0
>5k	0.0
>10k+	0.0
>>END_MODULE
>>Overrepresented sequences	pass
>>END_MODULE
>>Adapter Content	warn
#Position	Illumina Universal Adapter	Illumina Small RNA 3' Adapter	Illumina Small RNA 5' Adapter	Nextera Transposase Sequence	PolyA	PolyG
1	0.0	0.0	0.0	0.0	0.0	0.0
2	0.0	0.0	0.0	0.0	0.0	0.0
3	0.0	0.0	0.0	0.0	0.0	0.0
4	0.0	0.0	0.0	0.0	0.0	0.0
5	0.0	0.0	0.0	0.0	0.0	0.0
6	0.0	0.0	0.0	0.0	0.0	6.438076328545336E-5
7	0.0	0.0	0.0	0.0	0.0	6.438076328545336E-5
8	0.0	0.0	0.0	6.438076328545336E-5	0.0	6.438076328545336E-5
9	0.0	0.0	0.0	1.2876152657090672E-4	0.0	6.438076328545336E-5
10-11	0.0	0.0	0.0	1.2876152657090672E-4	0.0	1.2876152657090672E-4
12-13	0.0	0.0	0.0	1.931422898563601E-4	0.0	1.609519082136334E-4
14-15	0.0	0.0	0.0	2.5752305314181344E-4	0.0	3.862845797127202E-4
16-17	0.0	0.0	0.0	2.897134347845401E-4	6.438076328545336E-5	5.472364879263536E-4
18-19	0.0	0.0	0.0	3.8628457971272013E-4	6.438076328545336E-5	7.081883961399869E-4
20-21	0.0	0.0	0.0	5.794268695690802E-4	9.657114492818005E-5	9.013306859963471E-4
22-23	0.0	0.0	0.0	6.759980144972603E-4	1.2876152657090672E-4	0.0013519960289945206
24-25	0.0	0.0	0.0	0.001191044120780887	1.2876152657090672E-4	0.0017382806087072407
26-27	0.0	0.0	0.0	0.002317707478276321	1.2876152657090672E-4	0.002221136333348141
28-29	0.0	0.0	0.0	0.012586439222306133	1.2876152657090672E-4	0.002639611294703588
30-31	0.0	0.0	0.0	0.037759317666918396	0.0011588537391381605	0.0030902766377017615
32-33	0.0	0.0	0.0	0.09422124706826099	0.0022533267149908677	0.003412180454129028
34-35	0.0	0.0	0.0	0.1769827182717113	0.0022533267149908677	0.004120368850269015
36-37	0.0	0.0	0.0	0.2881039157024038	0.0024142786232045008	0.0044100822850535555
38-39	0.0	0.0	0.0	0.432349015843462	0.0025752305314181343	0.0048285572464090015
40-41	0.0	0.0	0.0	0.5656171958443506	0.002736182439631768	0.005150461062836269
42-43	0.0	0.0	0.0	0.7069651616375634	0.0028327535845599477	0.005472364879263536
44-45	0.0	0.0	0.0	0.8675951660347694	0.003025895874416308	0.006019601367189889
46-47	0.0	0.0	0.0	1.0535268104031588	0.0030580862560590344	0.0063093148019744295
48-49	0.0	0.0	0.0	1.2405851181290435	0.0032512285459153946	0.006631218618401696
50-51	0.0	0.0	0.0	1.4109688081639957	0.0036053227439853883	0.007049693579757143
52-53	0.0	0.0	0.0	1.5728542374452683	0.0037662746521990214	0.007403787777827136
54-55	0.0	0.0	0.0	1.74381735434979	0.0039916073236981086	0.0076291204493262234
56-57	0.0	0.0	0.0	1.925757391394481	0.004377891903410829	0.00795102426575349
58-59	0.0	0.0	0.0	2.1132019837000784	0.005118270681193542	0.008305118463823483
60-61	0.0	0.0	0.0	2.2927599325032078	0.006019601367189889	0.00891673571503529
62-63	0.0	0.0	0.0	2.4711268371855564	0.00775788197589713	0.00968930487446073
64-65	0.0	0.0	0.0	2.6506204052254003	0.009045497241606196	0.01026873174402981
66-67	0.0	0.0	0.0	2.830983113569598	0.010043399072530724	0.010815968231956165
68-69	0.0	0.0	0.0	3.019296846179549	0.011009110521812525	0.011427585483167971
70-71	0.0	0.0	0.0	3.200625265973028	0.011652918154667059	0.011846060444523418
72-73	0.0	0.0	0.0	3.382855016452504	0.012779581512162491	0.012554248840663404
74-75	0.0	0.0	0.0	3.5644409592991253	0.013713102579801566	0.013519960289945206
76-77	0.0	0.0	0.0	3.751434886261724	0.014389100594298826	0.014260339067727919
78-79	0.0	0.0	0.0	3.9395876669634617	0.015000717845510632	0.015161669753724266
80-81	0.0	0.0	0.0	4.128158922626555	0.01561233509672244	0.01570890624165062
82-83	0.0	0.0	0.0	4.310453053869316	0.016063000439720615	0.016127381203006066
84-85	0.0	0.0	0.0	4.490139764199016	0.01657804654600424	0.016835569599146054
86-87	0.0	0.0	0.0	4.672755799258205	0.016835569599146054	0.01735061570542968
88-89	0.0	0.0	0.0	4.860200391563803	0.017286234942144228	0.01796223295664149
90-91	0.0	0.0	0.0	5.04397528036213	0.017962232956641486	0.018606040589496022
92-93	0.0	0.0	0.0	5.229005594044522	0.01937860974892146	0.019249848222350555
94-95	0.0	0.0	0.0	5.410494965746215	0.025430401497754076	0.019829275091919632
96-97	0.0	0.0	0.0	5.592177479737764	0.038338744536487473	0.02066622501463053
98-99	0.0	0.0	0.0	5.777207793420157	0.06834018022750873	0.021567555700626878
100-101	0.0	0.0	0.0	5.9653283837402515	0.11063834170605161	0.022146982570195956
102-103	0.0	0.0	0.0	6.150133364751145	0.16874198057117326	0.022855170966335943
104-105	0.0	0.0	0.0	6.332395305612264	0.24210386033494735	0.023241455546048666
106-107	0.0	0.0	0.0	6.508669835487836	0.3100255656011006	0.023788692033975017
108-109	0.0	0.0	0.0	6.69537404901565	0.380651262925243	0.024174976613687737
110-111	0.0	0.0	0.0	6.88343025857246	0.46238264191612605	0.02452907081175773
112-113	0.0	0.0	0.0	7.069007808742779	0.5536745642548988	0.02501192653639863
114-115	0.0	0.0	0.0	7.251108797695684	0.64647943453088	0.025430401497754076
116-117	0.0	0.0	0.0	7.430795508025384	0.728436146193262	0.026042018748965882
118-119	0.0	0.0	0.0	7.608100130113523	0.8040835430536697	0.02646049371032133
120-121	0.0	0.0	0.0	7.791939399675135	0.8812438878512856	0.02703992057989041
122-123	0.0	0.0	0.0	7.970692588937196	0.963168409132025	0.02742620515960313
124-125	0.0	0.0	0.0	8.14722464186591	1.04551140537412	0.028166583937385845
126-127	0.0	0.0	0.0	8.326042211891256	1.1226717501717356	0.028456297372170383
128-129	0.0	0.0	0.0	8.500803793829618	1.2000896180224934	0.02900353386009674
130-131	0.0	0.0	0.0	8.677496798666546	1.2734514977862674	0.029132295386667645
132-133	0.0	0.0	0.0	8.85229057098655	1.3443025277819087	0.029486389584737642
134-135	0.0	0.0	0.0	9.034262798412886	1.4152179385408359	0.02993705492773581
136-137	0.0	0.0	0.0	9.204292394249768	1.48220612273935	0.030258958744163077
138-139	0.0	0.0	0.0	9.372648090241228	1.5466512667880887	0.030419910652376713
>>END_MODULE
