##FastQC	0.12.1
>>Basic Statistics	pass
#Measure	Value
Filename	SRR2589044_2.fastq
File type	Conventional base calls
Encoding	Sanger / Illumina 1.9
Total Sequences	1107090
Total Bases	166 Mbp
Sequences flagged as poor quality	0
Sequence length	150
%GC	50
>>END_MODULE
>>Per base sequence quality	fail
#Base	Mean	Median	Lower Quartile	Upper Quartile	10th Percentile	90th Percentile
1	31.057234732496905	31.0	31.0	34.0	28.0	34.0
2	31.250946174204447	33.0	31.0	34.0	28.0	34.0
3	31.336162371622905	34.0	31.0	34.0	28.0	34.0
4	34.8134063174629	37.0	35.0	37.0	32.0	37.0
5	34.79829462825967	37.0	35.0	37.0	32.0	37.0
6	34.84616517175659	37.0	35.0	37.0	32.0	37.0
7	34.7691154287366	37.0	35.0	37.0	32.0	37.0
8	34.760933618766316	37.0	35.0	37.0	32.0	37.0
9	36.328271414248164	39.0	37.0	39.0	32.0	39.0
10-14	36.48540769043167	39.2	37.2	39.4	32.0	39.4
15-19	37.331778084889216	40.0	38.0	41.0	32.0	41.0
20-24	36.995974672339194	40.0	38.0	41.0	31.0	41.0
25-29	36.55321807621784	40.0	37.4	41.0	30.0	41.0
30-34	36.01989214968973	40.0	36.6	41.0	28.0	41.0
35-39	35.69823302531863	39.6	36.0	41.0	27.0	41.0
40-44	35.251251298449084	39.2	35.2	40.8	25.8	41.0
45-49	34.351664634311575	38.0	34.2	40.0	23.2	41.0
50-54	33.55944322503139	36.8	33.6	39.8	21.4	41.0
55-59	32.564309857373836	35.2	33.0	38.6	19.0	40.6
60-64	31.522040845821028	35.0	32.0	36.6	13.4	39.4
65-69	30.610773107877407	35.0	31.0	35.4	6.4	38.0
70-74	29.999893052958658	35.0	31.0	35.0	2.0	36.4
75-79	29.450327254333434	34.2	30.0	35.0	2.0	35.4
80-84	28.925632785049096	34.0	29.2	35.0	2.0	35.0
85-89	28.420266825642	34.0	29.0	35.0	2.0	35.0
90-94	27.909038650877523	34.0	27.2	35.0	2.0	35.0
95-99	27.39917856723482	33.2	25.8	35.0	2.0	35.0
100-104	26.591463747301486	32.2	24.6	34.6	2.0	35.0
105-109	27.38558744094879	33.8	27.0	35.0	2.0	35.0
110-114	27.024146185043673	33.8	25.0	35.0	2.0	35.0
115-119	26.426792040394183	33.0	24.0	35.0	2.0	35.0
120-124	25.751967590710784	33.0	20.8	35.0	2.0	35.0
125-129	25.00730979414501	32.8	17.4	35.0	2.0	35.0
130-134	24.176128589364914	32.0	7.0	35.0	2.0	35.0
135-139	23.25685843066056	31.0	2.0	34.8	2.0	35.0
140-144	22.1881543505948	30.6	2.0	34.0	2.0	35.0
145-149	20.856310507727464	29.4	2.0	34.0	2.0	35.0
150	20.067672908254973	29.0	2.0	34.0	2.0	35.0
>>END_MODULE
>>Per tile sequence quality	fail
#Tile	Base	Mean
1101	1	0.032781632141908545
1101	2	0.0575131940548097
1101	3	0.1778833855145372
1101	4	0.205018613504798
1101	5	0.15928860213698925
1101	6	0.2657691544560876
1101	7	0.18846636660138216
1101	8	0.1917442621983554
1101	9	0.29667282898132186
1101	10-14	0.27606603287489406
1101	15-19	0.2782502848841588
1101	20-24	0.2709714548657516
1101	25-29	0.1933187429204679
1101	30-34	0.4267823597770146
1101	35-39	0.16720397051774682
1101	40-44	-0.04846891629470207
1101	45-49	-0.19635315902250738
1101	50-54	-0.4460494738062124
1101	55-59	-0.23875505962931243
1101	60-64	-0.17477916642913272
1101	65-69	-0.24649064429472034
1101	70-74	0.24128793611306065
1101	75-79	0.34964216008039983
1101	80-84	0.3134709714024879
1101	85-89	0.37247122795116283
1101	90-94	0.445922388600799
1101	95-99	0.4717173729225621
1101	100-104	0.40063257652506223
1101	105-109	0.3932813795179797
1101	110-114	0.4763473219337726
1101	115-119	0.5631561190975098
1101	120-124	0.703957022983861
1101	125-129	0.77636842952721
1101	130-134	0.9203507673348419
1101	135-139	1.0978078014253612
1101	140-144	1.19528403650542
1101	145-149	1.2990250587793462
1101	150	1.4428992907176514
1102	1	-0.10925508384277904
1102	2	-0.1429729266331492
1102	3	-0.16069368127821448
1102	4	-0.14878366786402353
1102	5	-0.037766928245147824
1102	6	0.011710432521716996
1102	7	0.002907976299496795
1102	8	0.013323194013402428
1102	9	0.04125129454079968
1102	10-14	0.029124538098926678
1102	15-19	-0.12694094557087254
1102	20-24	-0.26847583526998875
1102	25-29	-0.334146468503441
1102	30-34	-0.13865145491595143
1102	35-39	-0.1998010269539563
1102	40-44	-0.3478097885209763
1102	45-49	-0.6353273639254198
1102	50-54	-0.8246851508946804
1102	55-59	-0.6460257571082408
1102	60-64	-0.6287672604945591
1102	65-69	-0.7112433975010468
1102	70-74	-0.35686247399482696
1102	75-79	-0.21477978151288113
1102	80-84	-0.05326737384991276
1102	85-89	-0.13754653572949493
1102	90-94	-0.2364591594990486
1102	95-99	-0.22839617016011715
1102	100-104	-0.12168070781860152
1102	105-109	-0.18071800975288355
1102	110-114	-0.09087376201192754
1102	115-119	0.11645366239032384
1102	120-124	0.2532454907104409
1102	125-129	0.3545034400672087
1102	130-134	0.40042986660787605
1102	135-139	0.5647581616242086
1102	140-144	0.8476807543288558
1102	145-149	0.8158048416749928
1102	150	0.9413445582235767
1103	1	-0.027437002274577793
1103	2	-0.02843736074605374
1103	3	-0.045447503409079104
1103	4	-0.03802082965065523
1103	5	0.0017664321423183083
1103	6	0.06774291512031994
1103	7	0.017500444077150235
1103	8	0.023672059945496926
1103	9	0.07607436936016398
1103	10-14	-0.028212585753117025
1103	15-19	-0.03496084799957089
1103	20-24	-0.07662661204695809
1103	25-29	-0.1696450437506769
1103	30-34	-0.15479981446532065
1103	35-39	-0.375647233053499
1103	40-44	-0.39501789064443216
1103	45-49	-0.6116680871528573
1103	50-54	-0.7533650711438185
1103	55-59	-0.6296841957909436
1103	60-64	-0.6086171100794822
1103	65-69	-0.5412561011789379
1103	70-74	-0.255315536551624
1103	75-79	-0.1926968194386589
1103	80-84	-0.02345113607940874
1103	85-89	0.02607242450975633
1103	90-94	0.18463101896997713
1103	95-99	0.2536372563923379
1103	100-104	0.06908376246449421
1103	105-109	0.24071234497967353
1103	110-114	0.3938088224807643
1103	115-119	0.4739558017249692
1103	120-124	0.6631188509214638
1103	125-129	0.902550161371451
1103	130-134	1.0157422535760183
1103	135-139	1.0139725626546223
1103	140-144	1.003182284945602
1103	145-149	0.9878869656593636
1103	150	1.128884808591895
1104	1	0.11387562017561947
1104	2	0.20668739653691404
1104	3	0.3627974522977908
1104	4	0.438393770342941
1104	5	0.24649033878759496
1104	6	0.31102034469235207
1104	7	0.2895029069090569
1104	8	0.27670584091647754
1104	9	0.38721286144329525
1104	10-14	0.48036984488149415
1104	15-19	0.5307685257832091
1104	20-24	0.5826403752342273
1104	25-29	0.4980582344940103
1104	30-34	0.5394082366078692
1104	35-39	0.5319905297868601
1104	40-44	0.4232658706762962
1104	45-49	0.5162049984028982
1104	50-54	0.4422297056729576
1104	55-59	0.5375434735141909
1104	60-64	0.5470196018361442
1104	65-69	0.6045870694114797
1104	70-74	0.6332024558037013
1104	75-79	0.7122416534308904
1104	80-84	0.9588029373455882
1104	85-89	0.8682949993044495
1104	90-94	0.9587332206718386
1104	95-99	1.1758758861728076
1104	100-104	1.1694583545397634
1104	105-109	1.237278135487582
1104	110-114	1.3476709708503734
1104	115-119	1.5344893570819167
1104	120-124	1.598589962136085
1104	125-129	1.6733322706152265
1104	130-134	1.770635676417477
1104	135-139	2.0073740071666677
1104	140-144	2.0443005882116196
1104	145-149	1.9903846585739124
1104	150	2.0207094293419807
1105	1	0.0026892026302185457
1105	2	0.13041791875171072
1105	3	0.20989480283821393
1105	4	0.13023492994484798
1105	5	0.10939945563957565
1105	6	0.21671661299143352
1105	7	0.28809388388854984
1105	8	0.2860548676282022
1105	9	0.22277592007013425
1105	10-14	0.3433102905887324
1105	15-19	0.3621766337529877
1105	20-24	0.46889010963688094
1105	25-29	0.6136382913512364
1105	30-34	0.5284547692635471
1105	35-39	0.445359265760608
1105	40-44	0.40123625715340694
1105	45-49	0.24193250250124265
1105	50-54	0.21185731104726102
1105	55-59	0.05083047529621609
1105	60-64	0.29712312664254625
1105	65-69	0.2956814545671804
1105	70-74	0.4043913858612562
1105	75-79	0.3302451988647128
1105	80-84	0.5338217424134193
1105	85-89	0.5470199148948964
1105	90-94	0.5492340636041568
1105	95-99	0.6366434741456288
1105	100-104	0.9117180335275634
1105	105-109	1.0324368967880702
1105	110-114	1.2065309107051796
1105	115-119	1.2669556669304995
1105	120-124	1.3429845009892922
1105	125-129	1.3757784028198863
1105	130-134	1.3143360174677383
1105	135-139	1.775187175522042
1105	140-144	1.893397712315764
1105	145-149	2.0778880124674544
1105	150	2.19630068393856
1106	1	-0.1482485519524559
1106	2	-0.10016257055155364
1106	3	-0.30958517704001665
1106	4	-0.05008342731152737
1106	5	0.03974415223267158
1106	6	0.06987369782783759
1106	7	0.04290062735231004
1106	8	0.21570954779446083
1106	9	0.2334452063260457
1106	10-14	0.053907013826858474
1106	15-19	0.08674388957992107
1106	20-24	0.04894062180714087
1106	25-29	0.24741333412483613
1106	30-34	0.27892316428534514
1106	35-39	0.2864274111893579
1106	40-44	0.19365497989589642
1106	45-49	0.1077303914961476
1106	50-54	0.07786739864224757
1106	55-59	0.07181424581307283
1106	60-64	0.179193977232476
1106	65-69	0.12341788906681472
1106	70-74	0.08839517279011488
1106	75-79	0.458093519898938
1106	80-84	0.38613863950599736
1106	85-89	0.45000612792151884
1106	90-94	0.4244541640052546
1106	95-99	0.6608493987899031
1106	100-104	0.659331392839146
1106	105-109	0.6565462191325793
1106	110-114	0.7596194390707858
1106	115-119	0.8813029633274283
1106	120-124	1.153506583740814
1106	125-129	1.3006273040614786
1106	130-134	1.357263200701972
1106	135-139	1.5480493488215252
1106	140-144	1.5961117769280122
1106	145-149	1.1735426896659007
1106	150	1.0082964340309353
1107	1	0.15626066265975425
1107	2	0.20905375255726355
1107	3	0.22533496678948595
1107	4	0.26202573939553275
1107	5	0.3141572428846118
1107	6	0.16230425674974214
1107	7	0.19461024231468826
1107	8	0.2225046648911828
1107	9	0.33200434494586517
1107	10-14	0.31566744246387657
1107	15-19	0.3677748767966591
1107	20-24	0.3556037145976987
1107	25-29	0.4372102505160953
1107	30-34	0.39539982620902947
1107	35-39	0.2854435021863253
1107	40-44	0.11262769962512209
1107	45-49	0.12351000500425613
1107	50-54	0.12445387171128175
1107	55-59	0.19453212156194866
1107	60-64	0.001475146232142066
1107	65-69	0.18790962400307265
1107	70-74	0.2590271785615492
1107	75-79	0.3471208172786966
1107	80-84	0.31499450489253533
1107	85-89	0.2693124727872558
1107	90-94	0.2304457292774451
1107	95-99	0.22668190756538564
1107	100-104	0.39390051740108945
1107	105-109	0.41511411184785985
1107	110-114	0.5264017814614235
1107	115-119	0.5875115275132003
1107	120-124	0.7192335871312423
1107	125-129	0.7061362534844768
1107	130-134	0.6826023149700049
1107	135-139	0.884753103957781
1107	140-144	0.9015136526426666
1107	145-149	0.7376688627004349
1107	150	0.945679700876866
1108	1	-0.03327850733083082
1108	2	0.003729222014531075
1108	3	0.10354918047657335
1108	4	0.014570500297253375
1108	5	0.0799482055521139
1108	6	0.04555477214435655
1108	7	0.017427938276682653
1108	8	0.027465618147132886
1108	9	-0.021101187703266078
1108	10-14	0.011891056500530794
1108	15-19	-0.006125427958416196
1108	20-24	0.18449550413743054
1108	25-29	0.3165348034672846
1108	30-34	0.3377151244656389
1108	35-39	0.19097054919927814
1108	40-44	0.35473011749810723
1108	45-49	0.22264083680633462
1108	50-54	0.21026875541137002
1108	55-59	0.2165635606333396
1108	60-64	0.21355078599371424
1108	65-69	0.37310743469638297
1108	70-74	0.3481674779385884
1108	75-79	0.25817407098729817
1108	80-84	0.24713832239802258
1108	85-89	0.37342582598942897
1108	90-94	0.35465246974264986
1108	95-99	0.4896838571015252
1108	100-104	0.5359964928414165
1108	105-109	0.6459215447345201
1108	110-114	0.851739589017555
1108	115-119	0.8280946517008942
1108	120-124	0.99792902252765
1108	125-129	0.8359624758660438
1108	130-134	0.8629148009647167
1108	135-139	1.0239230945462268
1108	140-144	0.8921581199935389
1108	145-149	0.9060785341923889
1108	150	0.8468905981116599
1109	1	0.012049882846074667
1109	2	-0.08238804306291314
1109	3	0.003122921797437783
1109	4	0.060593425752053065
1109	5	-0.03059871628388322
1109	6	-0.10518731444535234
1109	7	0.062867712973393
1109	8	-0.019068245471892453
1109	9	0.11663036947275884
1109	10-14	0.07509247241236494
1109	15-19	0.03602342808510173
1109	20-24	-0.03808864397196743
1109	25-29	0.025825634920373375
1109	30-34	0.01738312365903738
1109	35-39	0.1547854996587148
1109	40-44	0.0924788421964493
1109	45-49	0.11086398462143165
1109	50-54	0.13311341385941944
1109	55-59	-0.1122573030837799
1109	60-64	0.20666354391530461
1109	65-69	0.20392579413524814
1109	70-74	0.25437435475753034
1109	75-79	0.34617131600871787
1109	80-84	0.442707194137558
1109	85-89	0.46848846019584656
1109	90-94	0.48574939266864803
1109	95-99	0.6332682450112301
1109	100-104	0.4998197545616563
1109	105-109	0.6224953024054045
1109	110-114	0.7975998998859595
1109	115-119	0.9753394687441528
1109	120-124	0.8878822750918758
1109	125-129	0.7802411946783856
1109	130-134	0.7939478225576444
1109	135-139	1.0463416986904122
1109	140-144	1.2281962918431617
1109	145-149	1.2994188980348618
1109	150	1.2558724141630222
1110	1	0.2695995646065583
1110	2	0.3368865946642714
1110	3	0.276469139974747
1110	4	0.3044950532953763
1110	5	0.3016185354938301
1110	6	0.33157663380153224
1110	7	0.2838800906908787
1110	8	0.3333967622963172
1110	9	0.4012624204717383
1110	10-14	0.446888778958737
1110	15-19	0.41423977449584015
1110	20-24	0.35555604284466114
1110	25-29	0.4305545138078699
1110	30-34	0.5225006650936947
1110	35-39	0.4636035521518522
1110	40-44	0.5788968253251738
1110	45-49	0.6135529648535822
1110	50-54	0.5841674404739905
1110	55-59	0.6216305423142217
1110	60-64	0.6210800510337187
1110	65-69	0.6748372002467882
1110	70-74	0.7343989146009733
1110	75-79	0.7541074926782763
1110	80-84	0.8355033766748647
1110	85-89	0.8479031575885365
1110	90-94	0.9342712147347996
1110	95-99	0.9463733815068949
1110	100-104	1.089741951477965
1110	105-109	1.1215291407480024
1110	110-114	1.1604163372366827
1110	115-119	1.1895482858892628
1110	120-124	1.348240812510852
1110	125-129	1.2741934844603442
1110	130-134	1.2946611267135602
1110	135-139	1.4297662240532887
1110	140-144	1.3591952302046089
1110	145-149	1.2940193620102285
1110	150	1.2862788311782758
1111	1	0.13284291689314642
1111	2	0.06869368162673695
1111	3	0.06785934915755831
1111	4	0.1814011019840578
1111	5	0.159617908186668
1111	6	0.11793163067839885
1111	7	0.07488761569603497
1111	8	0.016241050718214467
1111	9	0.11651456310101338
1111	10-14	0.05636218944549398
1111	15-19	-0.04792288035386605
1111	20-24	-0.052498018164975235
1111	25-29	-0.053160766483145494
1111	30-34	-0.0011885578228501004
1111	35-39	0.03391898846543029
1111	40-44	-0.09761152670674988
1111	45-49	-0.14556899277368984
1111	50-54	-0.08886284184104198
1111	55-59	-0.20205981994226363
1111	60-64	-0.19882368144389773
1111	65-69	-0.17728981336899707
1111	70-74	-0.1017705709267247
1111	75-79	-0.18162301187506458
1111	80-84	-0.19339510947746064
1111	85-89	-0.0482967416133917
1111	90-94	0.04505982562474742
1111	95-99	-0.04876606029696262
1111	100-104	-0.01098963879930892
1111	105-109	0.0675799874786307
1111	110-114	0.021149857689845675
1111	115-119	0.3316698842893615
1111	120-124	0.2318059680106508
1111	125-129	0.1426586327219752
1111	130-134	0.05255809285237589
1111	135-139	-0.11074997736056247
1111	140-144	-0.18010516146024713
1111	145-149	-0.2764447246546702
1111	150	-0.25806494923205037
1112	1	0.18224844684706554
1112	2	0.13032962632719958
1112	3	0.05675335837414863
1112	4	0.09816147064765346
1112	5	0.14461329989173777
1112	6	0.10228186109314663
1112	7	0.20817793827668396
1112	8	0.21460510601774985
1112	9	0.28899382577382227
1112	10-14	0.29502394059755943
1112	15-19	0.40506513807931555
1112	20-24	0.443662350498613
1112	25-29	0.5231184961896531
1112	30-34	0.5167238845734587
1112	35-39	0.5963328133502159
1112	40-44	0.5680741875789721
1112	45-49	0.6775628044613313
1112	50-54	0.6918717203709406
1112	55-59	0.5920802722236402
1112	60-64	0.5234417563441234
1112	65-69	0.4931811543729374
1112	70-74	0.5162847286124439
1112	75-79	0.519523531903733
1112	80-84	0.5551873790017972
1112	85-89	0.51483782059859
1112	90-94	0.6919317150256639
1112	95-99	0.7146145848643322
1112	100-104	0.6389126653481583
1112	105-109	0.9784122455431401
1112	110-114	1.033230963680623
1112	115-119	0.9521168888976597
1112	120-124	0.9922455993470543
1112	125-129	0.8392328262703543
1112	130-134	0.9522336688892459
1112	135-139	0.9210260595057989
1112	140-144	0.7623888477563412
1112	145-149	0.41774052880155566
1112	150	0.6088198433946808
1113	1	0.23629482271864077
1113	2	0.10462831288468166
1113	3	0.0672381970315179
1113	4	0.1931003388169401
1113	5	0.12294247128787816
1113	6	0.05671610789061532
1113	7	0.10053662159109678
1113	8	0.10467807504645066
1113	9	-0.02959349383052512
1113	10-14	-0.009605474028667516
1113	15-19	0.060353219804632374
1113	20-24	0.04067924688258984
1113	25-29	0.005243094859999076
1113	30-34	0.01190598283842803
1113	35-39	0.03154461811753606
1113	40-44	0.06656473403591434
1113	45-49	0.12357713882163779
1113	50-54	0.2199835413535851
1113	55-59	0.11398421255118762
1113	60-64	0.006652134161537759
1113	65-69	-0.022691587641009647
1113	70-74	-0.2678839109205491
1113	75-79	-0.07725428551153968
1113	80-84	0.013095211010881513
1113	85-89	-5.821891306112548E-4
1113	90-94	-0.0019861056326746507
1113	95-99	-0.018077745279988733
1113	100-104	-0.01565337973049097
1113	105-109	-0.031752437446961324
1113	110-114	-0.09770492086615334
1113	115-119	0.006517407788532381
1113	120-124	-0.20015433579158426
1113	125-129	-0.3103766434880306
1113	130-134	-0.4574289871833983
1113	135-139	-0.3078065008963442
1113	140-144	-0.7306857752370064
1113	145-149	-0.8099201165689678
1113	150	-0.9692187491138355
1114	1	0.36122736956369295
1114	2	0.32095386924087066
1114	3	0.27881909365639146
1114	4	0.2869858266195493
1114	5	0.23692081826369815
1114	6	0.3951756671175346
1114	7	0.3724130993846515
1114	8	0.3375494652198796
1114	9	0.3293336464957832
1114	10-14	0.4182016519760694
1114	15-19	0.4694015993568783
1114	20-24	0.4869133236069061
1114	25-29	0.3026628392406181
1114	30-34	0.3111607738571607
1114	35-39	0.38396333907096647
1114	40-44	0.45199478840267915
1114	45-49	0.48319064908702813
1114	50-54	0.3108715104056614
1114	55-59	0.38880629984214465
1114	60-64	0.2218832971662117
1114	65-69	0.286454771428577
1114	70-74	0.24696130133310845
1114	75-79	0.18864319595929757
1114	80-84	0.33896533264792694
1114	85-89	0.15849567410743148
1114	90-94	-0.052386204702990824
1114	95-99	-0.09566776997698767
1114	100-104	-0.1461807045945136
1114	105-109	-0.0012981961914952933
1114	110-114	-0.22551557593012816
1114	115-119	-0.36048813411777303
1114	120-124	-0.5315232450363752
1114	125-129	-0.5906628694415019
1114	130-134	-0.7286070320717499
1114	135-139	-1.0166344104933955
1114	140-144	-1.4019484533823174
1114	145-149	-1.5807813802673323
1114	150	-1.8044351029026657
1115	1	0.3263219750936379
1115	2	0.10873862719876115
1115	3	0.12775248681088058
1115	4	0.22942238499675938
1115	5	0.17822616733488417
1115	6	0.2937126510463983
1115	7	0.15409252507645732
1115	8	0.09722454980192197
1115	9	0.040260444900674486
1115	10-14	0.23154998449265918
1115	15-19	0.20245526564448824
1115	20-24	0.14258173881966485
1115	25-29	0.023843573441851618
1115	30-34	-0.0946425681640406
1115	35-39	-0.08567450778122776
1115	40-44	-0.13021393539068526
1115	45-49	-0.08654818515914542
1115	50-54	-0.08273308115034439
1115	55-59	-0.31631678030786503
1115	60-64	-0.333930939955696
1115	65-69	-0.5156417281244892
1115	70-74	-0.5927544917345919
1115	75-79	-0.7067702958436648
1115	80-84	-0.8162500031390785
1115	85-89	-0.9916796978230913
1115	90-94	-1.2234320120957989
1115	95-99	-1.474422480344451
1115	100-104	-1.500988641996745
1115	105-109	-1.459609527691942
1115	110-114	-1.827851422818064
1115	115-119	-1.9769343748690815
1115	120-124	-2.1017671730164693
1115	125-129	-2.477564638272863
1115	130-134	-2.798485354959894
1115	135-139	-3.1663263848330025
1115	140-144	-3.674589648400854
1115	145-149	-3.966088137706649
1115	150	-4.159885647453905
1116	1	0.34937336677019104
1116	2	0.34381457187492614
1116	3	0.2339826985407072
1116	4	0.2896598691101815
1116	5	0.2826805644657284
1116	6	0.16171043252171557
1116	7	0.2378595526264604
1116	8	0.10074540070064586
1116	9	0.05086185908579921
1116	10-14	-0.00931737906932284
1116	15-19	-0.2361438305305512
1116	20-24	-0.3461130498857514
1116	25-29	-0.510629613996116
1116	30-34	-0.8345387675725959
1116	35-39	-0.9880716709547102
1116	40-44	-0.7974353575843907
1116	45-49	-0.8364774261600587
1116	50-54	-1.034374403908373
1116	55-59	-1.0952786002939803
1116	60-64	-1.2619764371216071
1116	65-69	-1.7148954631799143
1116	70-74	-2.1358254571659003
1116	75-79	-2.6417323297234248
1116	80-84	-3.01051037884573
1116	85-89	-3.5431676886903283
1116	90-94	-4.065973217709761
1116	95-99	-4.812764531086984
1116	100-104	-5.325892203325772
1116	105-109	-5.492801591740651
1116	110-114	-6.088747127286698
1116	115-119	-6.724049670999847
1116	120-124	-7.519838449339687
1116	125-129	-8.018334630488127
1116	130-134	-8.768920591200441
1116	135-139	-9.718197643248848
1116	140-144	-10.176938250257752
1116	145-149	-10.185318792146555
1116	150	-10.34293351983402
1201	1	0.5113913039899209
1201	2	0.6233685873661585
1201	3	0.6767014103221989
1201	4	0.5577458862320697
1201	5	0.5566132998917368
1201	6	0.5944377052489855
1201	7	0.6078143019130451
1201	8	0.553773937186584
1201	9	0.7353314881114841
1201	10-14	0.6394291354027644
1201	15-19	0.7892105926247766
1201	20-24	0.7266857271219891
1201	25-29	0.7742561585273222
1201	30-34	0.9172225858721603
1201	35-39	0.9630237224411289
1201	40-44	0.9131754862802737
1201	45-49	0.9782796875782154
1201	50-54	0.9703028892021024
1201	55-59	0.9693997527431222
1201	60-64	1.064844353746718
1201	65-69	1.2236123232041045
1201	70-74	1.258310702638422
1201	75-79	1.3079079474881539
1201	80-84	1.3076964699108942
1201	85-89	1.422775482936249
1201	90-94	1.51658626048021
1201	95-99	1.3938665329162774
1201	100-104	1.3694892887247754
1201	105-109	1.3631706871015865
1201	110-114	1.2678179766676436
1201	115-119	1.3766052005859635
1201	120-124	1.5847339110353644
1201	125-129	1.553975683413217
1201	130-134	1.5179791234347029
1201	135-139	1.3966208647006049
1201	140-144	1.3137862503537434
1201	145-149	1.5213145547755786
1201	150	1.823365297940132
1202	1	0.4004271166620974
1202	2	0.3516991658785571
1202	3	0.39999617616242134
1202	4	0.4274704041384041
1202	5	0.38341219796335935
1202	6	0.38553963362364385
1202	7	0.3945801421334352
1202	8	0.389079722310548
1202	9	0.37201468370377455
1202	10-14	0.4384120555129485
1202	15-19	0.5014353860132061
1202	20-24	0.39517498332033796
1202	25-29	0.31315202629591
1202	30-34	0.4237581230622496
1202	35-39	0.5586104993006344
1202	40-44	0.6206785165832898
1202	45-49	0.7937805140244905
1202	50-54	0.891249445675939
1202	55-59	0.9061049869028963
1202	60-64	0.9041710755098045
1202	65-69	1.00110102843826
1202	70-74	1.0459525759166581
1202	75-79	1.0028401788931127
1202	80-84	1.0371884809301726
1202	85-89	1.2645782377571848
1202	90-94	1.2935383265959182
1202	95-99	1.261949177544377
1202	100-104	1.4756964512592177
1202	105-109	1.50793652732197
1202	110-114	1.5526576460891306
1202	115-119	1.4392377074730156
1202	120-124	1.6440011286662184
1202	125-129	1.6040825704655575
1202	130-134	1.7751692060793296
1202	135-139	1.5841393220008797
1202	140-144	1.831055671841348
1202	145-149	2.0059602848031304
1202	150	1.9951944990420607
1203	1	0.3017097753275024
1203	2	0.2967536481652324
1203	3	0.37133024645422097
1203	4	0.45406319949206164
1203	5	0.49732667568791555
1203	6	0.489735910228724
1203	7	0.4692989573849644
1203	8	0.43904550638171713
1203	9	0.6229192124890162
1203	10-14	0.6146133855475213
1203	15-19	0.5260434820283635
1203	20-24	0.513881094811623
1203	25-29	0.5318107618857439
1203	30-34	0.5030532749283338
1203	35-39	0.6396143420126421
1203	40-44	0.7640581730202811
1203	45-49	0.6868883731601443
1203	50-54	0.700791829561112
1203	55-59	0.7079266780471158
1203	60-64	0.7324543132140029
1203	65-69	0.7451025374484637
1203	70-74	0.686970806865407
1203	75-79	0.6483373626589675
1203	80-84	0.627987379001798
1203	85-89	0.8130230799252516
1203	90-94	0.9564208870001849
1203	95-99	1.0384733655740632
1203	100-104	1.1139321375956506
1203	105-109	1.1841782146059288
1203	110-114	1.1694318735987395
1203	115-119	1.2288011473143996
1203	120-124	1.2003540615854575
1203	125-129	1.2188368299100354
1203	130-134	1.3362999109274583
1203	135-139	1.404111773791513
1203	140-144	1.2744667367463336
1203	145-149	1.2204608199753473
1203	150	1.178603282885124
1204	1	0.3045880761811084
1204	2	0.19466411244939508
1204	3	0.31399907975394825
1204	4	0.4353103577630222
1204	5	0.21695842714188984
1204	6	0.2802703332045198
1204	7	0.2628694342419209
1204	8	0.2943231161268258
1204	9	0.3958513233352292
1204	10-14	0.3243652902473002
1204	15-19	0.3366683658881371
1204	20-24	0.4132783121905632
1204	25-29	0.6459928776740966
1204	30-34	0.6604436682038539
1204	35-39	0.6727136947903176
1204	40-44	0.6498501208945626
1204	45-49	0.6885322466888724
1204	50-54	0.6893013204418708
1204	55-59	0.5850313762406572
1204	60-64	0.6215733870969764
1204	65-69	0.6065124304215317
1204	70-74	0.628813947376301
1204	75-79	0.6438888063561627
1204	80-84	0.6968141946442579
1204	85-89	0.7239438594387053
1204	90-94	0.9092690210467715
1204	95-99	0.8051349714919773
1204	100-104	0.9802434448107782
1204	105-109	1.1447744340684594
1204	110-114	1.2689931699411652
1204	115-119	1.2924403791876244
1204	120-124	1.4008327767878619
1204	125-129	1.413661344493292
1204	130-134	1.7113045565366676
1204	135-139	1.7370105943998269
1204	140-144	1.9304133932915022
1204	145-149	1.8889794043890333
1204	150	2.197328844015413
1205	1	0.07048166904079167
1205	2	-0.019153147033492246
1205	3	0.06680379865798258
1205	4	0.05480915808887943
1205	5	0.09950737529568698
1205	6	0.201207739523511
1205	7	0.13803311481767366
1205	8	0.04881729717787664
1205	9	0.24494424041005658
1205	10-14	0.31206988400185764
1205	15-19	0.3781954791924349
1205	20-24	0.45441649258632566
1205	25-29	0.51825215439262
1205	30-34	0.6186310402544066
1205	35-39	0.5222846984489635
1205	40-44	0.41896751065326754
1205	45-49	0.46802244368506507
1205	50-54	0.4401208098810656
1205	55-59	0.5147720393434128
1205	60-64	0.45484420141550785
1205	65-69	0.5726173174916873
1205	70-74	0.675206845394527
1205	75-79	0.7130243611762062
1205	80-84	0.630907785943748
1205	85-89	0.6951008624041783
1205	90-94	0.9153394947982569
1205	95-99	0.828443977016164
1205	100-104	1.1230281821473334
1205	105-109	1.1172863500143748
1205	110-114	1.1626551237216631
1205	115-119	1.1642830853582815
1205	120-124	1.2689604493085795
1205	125-129	1.345483523030211
1205	130-134	1.2747562302297588
1205	135-139	1.2466611454252572
1205	140-144	1.4564044756951269
1205	145-149	1.4284380409841688
1205	150	1.436807874513768
1206	1	-0.10546088033084544
1206	2	0.09036211328966814
1206	3	0.07937112361310028
1206	4	0.053013825952433535
1206	5	0.037867638611068344
1206	6	0.047407619834700654
1206	7	0.13504089459026858
1206	8	0.09010993631611797
1206	9	0.20784070959018663
1206	10-14	0.20794062008803849
1206	15-19	0.32409613748087907
1206	20-24	0.30217232741577504
1206	25-29	0.36588830041296205
1206	30-34	0.4629158996200502
1206	35-39	0.3718358654148517
1206	40-44	0.45619073028222346
1206	45-49	0.5828040116084594
1206	50-54	0.6535259564998555
1206	55-59	0.5823962164828487
1206	60-64	0.6865617358260359
1206	65-69	0.7836286879285446
1206	70-74	0.7245186347422212
1206	75-79	0.8146401600990032
1206	80-84	0.7893757691873198
1206	85-89	0.8098824303275798
1206	90-94	0.7499295606271019
1206	95-99	0.8795510985003006
1206	100-104	0.9884979607230377
1206	105-109	1.0333844948378363
1206	110-114	0.9597825923033554
1206	115-119	1.1812788962499639
1206	120-124	1.3310789412295847
1206	125-129	1.3786373231499063
1206	130-134	1.3787658053344884
1206	135-139	1.5039920849824142
1206	140-144	1.2595163847316329
1206	145-149	1.511143008069741
1206	150	1.9245397715813937
1207	1	0.04899504449255332
1207	2	0.2050979322468791
1207	3	0.18691617043058883
1207	4	0.2272278478706653
1207	5	0.15475239983329203
1207	6	0.23768939219441876
1207	7	0.3390417606028109
1207	8	0.22804586747721345
1207	9	0.3333481716033262
1207	10-14	0.30154664244276574
1207	15-19	0.3379072187339105
1207	20-24	0.27591409968454883
1207	25-29	0.4442251506106345
1207	30-34	0.5052625837468767
1207	35-39	0.4298860570673497
1207	40-44	0.47528861523197463
1207	45-49	0.5294908665803959
1207	50-54	0.6774752604895014
1207	55-59	0.6180692177024696
1207	60-64	0.6457654100136558
1207	65-69	0.5019744081092661
1207	70-74	0.560435350637988
1207	75-79	0.5648760575779477
1207	80-84	0.7636273556236581
1207	85-89	0.8321099922609463
1207	90-94	0.9538664900110518
1207	95-99	0.8978189265191681
1207	100-104	0.9141157379038809
1207	105-109	0.9937004145337127
1207	110-114	1.0615794983721223
1207	115-119	1.08792952979271
1207	120-124	1.1788196663087263
1207	125-129	1.3327679686265448
1207	130-134	1.4091496244707749
1207	135-139	1.4517447369709373
1207	140-144	1.6893566026198314
1207	145-149	1.426828013146551
1207	150	1.4287426955279336
1208	1	0.19566611315022797
1208	2	0.24588201287195233
1208	3	0.27150715419664806
1208	4	0.3482951842622839
1208	5	0.2730948031213316
1208	6	0.2685806615293487
1208	7	0.28256666405471975
1208	8	0.23973219267155343
1208	9	0.29533020694989887
1208	10-14	0.29846787986440404
1208	15-19	0.2895128186430256
1208	20-24	0.42053858571377845
1208	25-29	0.3855638615113577
1208	30-34	0.3808748786175826
1208	35-39	0.4443544222756515
1208	40-44	0.44011391578968784
1208	45-49	0.5017147380239493
1208	50-54	0.5352533829831359
1208	55-59	0.6290369704872134
1208	60-64	0.6178347770638588
1208	65-69	0.742050074765519
1208	70-74	0.6574151706894575
1208	75-79	0.5950059243204855
1208	80-84	0.7229022351380259
1208	85-89	0.6525747889737268
1208	90-94	0.6543270174331788
1208	95-99	0.7574401196349001
1208	100-104	0.5665517560284634
1208	105-109	0.7427681888364965
1208	110-114	0.6705633351259763
1208	115-119	0.6939878728755104
1208	120-124	0.6929506408704142
1208	125-129	0.735873980535942
1208	130-134	0.7951776500988714
1208	135-139	0.8596020850070119
1208	140-144	0.7863310002603221
1208	145-149	0.8234798459729298
1208	150	0.7792391035238637
1209	1	0.17773109874476845
1209	2	0.23270786382516206
1209	3	0.2007051420522714
1209	4	0.1953264812356963
1209	5	0.25708308324407625
1209	6	0.2004789615981153
1209	7	0.1888575277863751
1209	8	0.15252007588254912
1209	9	0.2049286685820988
1209	10-14	0.28860869381470167
1209	15-19	0.25029843340428926
1209	20-24	0.4252936259506441
1209	25-29	0.5108234644255276
1209	30-34	0.555589497865526
1209	35-39	0.546740110955696
1209	40-44	0.5975953473769877
1209	45-49	0.6919066389620667
1209	50-54	0.6303234551811627
1209	55-59	0.5640671104709085
1209	60-64	0.6290701648797103
1209	65-69	0.6598919541774642
1209	70-74	0.7047102050744058
1209	75-79	0.5790593520698906
1209	80-84	0.6977251213051048
1209	85-89	0.6036310442506512
1209	90-94	0.8303043490051394
1209	95-99	0.8694979209125435
1209	100-104	1.0296490067718373
1209	105-109	1.1852708218585093
1209	110-114	1.1145101296685738
1209	115-119	1.2395083207269444
1209	120-124	0.990115480435179
1209	125-129	0.95584022161162
1209	130-134	1.008405162617862
1209	135-139	1.0393455252168238
1209	140-144	1.1727275999961222
1209	145-149	1.1525679599792689
1209	150	0.9576408240104151
1210	1	-0.05483041546709089
1210	2	0.0610826967861513
1210	3	0.12361502611816988
1210	4	0.16825390762244297
1210	5	0.14869927274241235
1210	6	0.060466088630313664
1210	7	0.02859875275632362
1210	8	0.12380355462796189
1210	9	0.18490656009831952
1210	10-14	0.1767346064023485
1210	15-19	0.1837565407942563
1210	20-24	0.20040197557941752
1210	25-29	0.22201856083089666
1210	30-34	0.23384282445709914
1210	35-39	0.43296448755836536
1210	40-44	0.3749805870618417
1210	45-49	0.28939305656217584
1210	50-54	0.31947327176072093
1210	55-59	0.45106902464767984
1210	60-64	0.4478337408302231
1210	65-69	0.38681709490299454
1210	70-74	0.23203262777210654
1210	75-79	0.25448746209119477
1210	80-84	0.33988783149048274
1210	85-89	0.428833812841642
1210	90-94	0.3191235702292836
1210	95-99	0.6108216954008547
1210	100-104	0.6427486058782108
1210	105-109	0.739744113675016
1210	110-114	0.6407742086709334
1210	115-119	0.7562914202486581
1210	120-124	0.7279848365804078
1210	125-129	0.7153539639562077
1210	130-134	0.5954246191154908
1210	135-139	0.7345416380449024
1210	140-144	0.7467235601028221
1210	145-149	0.8968089192346476
1210	150	0.8558469927159464
1211	1	-0.01267382795842309
1211	2	0.08705538232302956
1211	3	0.07152515591966946
1211	4	0.11012810255589045
1211	5	0.1306368821488917
1211	6	0.27625282443636934
1211	7	0.20585789335810034
1211	8	0.0948954725854918
1211	9	0.15255939888684367
1211	10-14	0.3167782038525573
1211	15-19	0.2897528416166608
1211	20-24	0.2909698984251463
1211	25-29	0.2576033281460255
1211	30-34	0.27251822162327244
1211	35-39	0.3083831221654947
1211	40-44	0.31495565064145836
1211	45-49	0.5011635424095147
1211	50-54	0.5751640601479409
1211	55-59	0.47012804634731964
1211	60-64	0.5831608868486491
1211	65-69	0.6786574357557846
1211	70-74	0.47375902074367104
1211	75-79	0.574183931358295
1211	80-84	0.6339840101079162
1211	85-89	0.7308179922517475
1211	90-94	0.6567932534872014
1211	95-99	0.5994021359993233
1211	100-104	0.547067891144259
1211	105-109	0.777840688632903
1211	110-114	0.9470818018935105
1211	115-119	0.7954944456474777
1211	120-124	0.9831744194320784
1211	125-129	0.9127323369786282
1211	130-134	0.9816369254866615
1211	135-139	1.004167922022841
1211	140-144	1.134365169245072
1211	145-149	0.9150323231386039
1211	150	0.8943044026310645
1212	1	0.0019247121875629603
1212	2	-0.05163074906383258
1212	3	0.04401252256761978
1212	4	0.10002142091636301
1212	5	0.009918184787863993
1212	6	0.2184201461657338
1212	7	0.047519881005484876
1212	8	0.004496820143039315
1212	9	0.114940083895263
1212	10-14	0.09937225214003576
1212	15-19	0.19194262263855677
1212	20-24	0.28557966821739456
1212	25-29	0.23873752241890855
1212	30-34	0.26488206216229315
1212	35-39	0.30310518842040324
1212	40-44	0.3649275765257869
1212	45-49	0.31216859575032885
1212	50-54	0.33451274066451475
1212	55-59	0.32616398121538026
1212	60-64	0.3744017627610603
1212	65-69	0.19376130998374919
1212	70-74	0.21120989104125698
1212	75-79	0.07109577863511163
1212	80-84	0.15998064121403743
1212	85-89	0.18449570140391813
1212	90-94	-0.030348801538064407
1212	95-99	9.742864765840409E-4
1212	100-104	0.19625374178995614
1212	105-109	0.17278734781314142
1212	110-114	0.08284822525117619
1212	115-119	0.28870050965646143
1212	120-124	0.3946286586235459
1212	125-129	0.08128932743343142
1212	130-134	0.13256337130362184
1212	135-139	0.1166889776095914
1212	140-144	0.03071553420857498
1212	145-149	-0.06273297725443427
1212	150	-0.1809342273520933
1213	1	0.33018786559450675
1213	2	0.20012086660554473
1213	3	0.1500976072484832
1213	4	0.27435958771683033
1213	5	0.30888837152497217
1213	6	0.32961874197730623
1213	7	0.2430547291076266
1213	8	0.23860019402430055
1213	9	0.40765448889293765
1213	10-14	0.3612792005238816
1213	15-19	0.40860439309364693
1213	20-24	0.5241342293361129
1213	25-29	0.40667543438040354
1213	30-34	0.45491135899015944
1213	35-39	0.5358353921467796
1213	40-44	0.577228833506112
1213	45-49	0.7279932588207316
1213	50-54	0.688401560731144
1213	55-59	0.8151283278928929
1213	60-64	0.5514702459061276
1213	65-69	0.41893277123745065
1213	70-74	0.1793088792469142
1213	75-79	0.25953368335687443
1213	80-84	0.21388995779835795
1213	85-89	0.1206663920271609
1213	90-94	0.07592483823483676
1213	95-99	0.011129361777957314
1213	100-104	0.019119296539315656
1213	105-109	0.14191515180593584
1213	110-114	0.09552060756110237
1213	115-119	-0.13940501040647746
1213	120-124	-0.137227016289458
1213	125-129	-0.05982832804810201
1213	130-134	-0.11948896721390767
1213	135-139	-0.586547251996457
1213	140-144	-0.5897703008314608
1213	145-149	-0.70037359317962
1213	150	-0.7751572339692174
1214	1	0.21835709198767717
1214	2	0.09735951175304791
1214	3	-0.07137099063634622
1214	4	0.0838744744133777
1214	5	0.09595598076666789
1214	6	0.12805928277409606
1214	7	0.1397113090001838
1214	8	0.047386133179038836
1214	9	0.17389856097132395
1214	10-14	0.07473127174090166
1214	15-19	0.153129299604835
1214	20-24	0.07857282241593566
1214	25-29	0.1460207636361801
1214	30-34	0.17788757338044547
1214	35-39	0.1488111083586361
1214	40-44	0.2279092648964891
1214	45-49	0.3450403463249643
1214	50-54	0.39224515198699095
1214	55-59	0.3614776602534491
1214	60-64	0.21283933666621024
1214	65-69	0.24698857365024196
1214	70-74	0.08796776683053764
1214	75-79	0.013894303476529757
1214	80-84	0.09497560109938874
1214	85-89	-0.13629378744563425
1214	90-94	-0.238819154295701
1214	95-99	-0.2742584862036921
1214	100-104	-0.10982528834145455
1214	105-109	-0.1761042835811253
1214	110-114	-0.3381374202629672
1214	115-119	-0.3542781115029534
1214	120-124	-0.6393998777781746
1214	125-129	-0.7992599868055166
1214	130-134	-1.169454721464092
1214	135-139	-1.3624053322096117
1214	140-144	-1.2871585923526254
1214	145-149	-1.8157309558551233
1214	150	-2.137190251950244
1215	1	0.38244450703009747
1215	2	0.387193283842322
1215	3	0.2778732591031705
1215	4	0.34616953641467774
1215	5	0.3190193802391832
1215	6	0.38320880385722234
1215	7	0.37189997953618104
1215	8	0.21046054265494973
1215	9	0.4728393353131466
1215	10-14	0.2969762284834019
1215	15-19	0.179550262943593
1215	20-24	0.07404721167435468
1215	25-29	0.05416834883429544
1215	30-34	-0.023386554390398828
1215	35-39	-0.13247761010255488
1215	40-44	0.15816247670569794
1215	45-49	0.19029840241386609
1215	50-54	0.22988468764253156
1215	55-59	0.04207648751757631
1215	60-64	-0.09541749602132299
1215	65-69	-0.21743389138478264
1215	70-74	-0.4194044291353407
1215	75-79	-0.5097956553151235
1215	80-84	-0.5952699499884275
1215	85-89	-0.6656745417404828
1215	90-94	-1.0597356031067982
1215	95-99	-1.1268058587528529
1215	100-104	-1.1421484173259557
1215	105-109	-1.228488576544649
1215	110-114	-1.3799264118428738
1215	115-119	-1.6443298305067202
1215	120-124	-2.013147048396082
1215	125-129	-2.6023656846649637
1215	130-134	-3.0281841378425653
1215	135-139	-3.451371396675377
1215	140-144	-3.7774124861974343
1215	145-149	-4.188769661984857
1215	150	-4.507827279298047
1216	1	0.4263095155493559
1216	2	0.2939065074613332
1216	3	0.25103907265986436
1216	4	0.2895333354241032
1216	5	0.3151214787357901
1216	6	0.3138369319764607
1216	7	0.33541457949805675
1216	8	0.30138809402211564
1216	9	0.15897419654808687
1216	10-14	0.07872121431621082
1216	15-19	-0.11722319343649445
1216	20-24	-0.32645411624076104
1216	25-29	-0.37037943183651123
1216	30-34	-0.7090252975421336
1216	35-39	-0.7295655508809631
1216	40-44	-0.7088165430644224
1216	45-49	-0.7581292347971242
1216	50-54	-0.9681439830096537
1216	55-59	-1.1455624758679654
1216	60-64	-1.5317835435468297
1216	65-69	-1.8562051051690496
1216	70-74	-2.2755015309295388
1216	75-79	-2.649755421204219
1216	80-84	-3.067694191336262
1216	85-89	-3.5711983844177695
1216	90-94	-3.9762157222698598
1216	95-99	-4.7413435394541
1216	100-104	-5.042885371729273
1216	105-109	-5.288311418578989
1216	110-114	-6.032615928358631
1216	115-119	-6.722814408812265
1216	120-124	-7.4107319360946065
1216	125-129	-8.039656595757993
1216	130-134	-8.751571783673459
1216	135-139	-9.278767179316452
1216	140-144	-9.806412897063723
1216	145-149	-10.121281499551774
1216	150	-10.460170341992454
2101	1	0.14803100529670488
2101	2	0.09863792039778474
2101	3	0.1568973711752868
2101	4	0.2112413888626108
2101	5	0.2735964983982697
2101	6	0.19406886438232362
2101	7	0.130390757193922
2101	8	0.22538473087329436
2101	9	0.27505338662367507
2101	10-14	0.42366193508595984
2101	15-19	0.5926653869903404
2101	20-24	0.6601340724294573
2101	25-29	0.7454682872822005
2101	30-34	0.765362519118753
2101	35-39	0.8537287063184849
2101	40-44	0.878690811278851
2101	45-49	0.8195122044079923
2101	50-54	0.7929387663305789
2101	55-59	0.76194916723653
2101	60-64	0.8319780529038105
2101	65-69	0.9043609570220603
2101	70-74	0.9853490009922155
2101	75-79	0.9025519255387273
2101	80-84	0.9580184928785869
2101	85-89	1.0931368338442127
2101	90-94	1.1235588463262225
2101	95-99	1.2885803418205022
2101	100-104	1.1740292445996445
2101	105-109	1.0056552715899016
2101	110-114	0.9592105885361697
2101	115-119	1.1268378418712572
2101	120-124	1.2680204415552474
2101	125-129	1.635545814091497
2101	130-134	1.8187790329216043
2101	135-139	1.978909533592379
2101	140-144	2.358875077643443
2101	145-149	2.300054476708034
2101	150	2.3650463524177034
2102	1	0.1043832842490211
2102	2	0.2370979351312883
2102	3	0.2632008775422108
2102	4	0.2247595141833898
2102	5	0.1305651814463289
2102	6	0.11420889026385339
2102	7	0.10477756813479289
2102	8	0.10274999012808905
2102	9	0.26186348295193085
2102	10-14	0.11589874451049553
2102	15-19	0.032369764852916205
2102	20-24	-0.06281238291109759
2102	25-29	0.005867980634889136
2102	30-34	0.1015840238173169
2102	35-39	0.07491739077156723
2102	40-44	0.006810346916246601
2102	45-49	0.18186230212590715
2102	50-54	-0.10567920939023168
2102	55-59	-0.11538023716209977
2102	60-64	-0.0039668626741224955
2102	65-69	0.03883417279190482
2102	70-74	0.0734286433035507
2102	75-79	0.17005840455729881
2102	80-84	-0.02131552044299312
2102	85-89	0.2466873667341325
2102	90-94	0.36102141274312416
2102	95-99	0.3502665104834328
2102	100-104	0.2543122599546557
2102	105-109	0.1613760597671714
2102	110-114	0.3879638798699361
2102	115-119	0.42125481081534133
2102	120-124	0.6393112202160083
2102	125-129	0.9142036908160556
2102	130-134	1.0438901772174418
2102	135-139	0.9778933900777531
2102	140-144	0.9153333088473801
2102	145-149	1.3121169102239563
2102	150	1.5793121321053505
2103	1	0.0766882161039355
2103	2	0.07841242239099344
2103	3	-0.008037954825717009
2103	4	-0.041418441127028416
2103	5	0.03624750416727096
2103	6	0.05066530188038598
2103	7	-0.07379830875419913
2103	8	0.054452408359118465
2103	9	0.03390458247555017
2103	10-14	0.12243703866339217
2103	15-19	0.23214542311495023
2103	20-24	-0.09831552530729226
2103	25-29	0.05063067806953114
2103	30-34	0.038155170627078405
2103	35-39	-0.015506616578520038
2103	40-44	0.15039492052773085
2103	45-49	0.16115846106126241
2103	50-54	-0.038610261305350946
2103	55-59	-0.08468403045706197
2103	60-64	0.1582447424316591
2103	65-69	0.09954857887242952
2103	70-74	0.20962100278957863
2103	75-79	0.24925858449960359
2103	80-84	0.22461445738659336
2103	85-89	0.4438967958276372
2103	90-94	0.5057426413914605
2103	95-99	0.5798885583967355
2103	100-104	0.6821427976861223
2103	105-109	0.5380357270497633
2103	110-114	0.4867343230291219
2103	115-119	0.7790792234751933
2103	120-124	1.085266841288007
2103	125-129	1.0266825717742627
2103	130-134	1.1403220299343744
2103	135-139	1.3071996597772575
2103	140-144	1.4321549828089388
2103	145-149	1.6820869149569653
2103	150	1.7265585607343468
2104	1	-0.025527334209730412
2104	2	0.07209040449882664
2104	3	0.19605597151403842
2104	4	0.0890347704580563
2104	5	-0.004928535076530238
2104	6	0.1207410153261037
2104	7	0.049795941738885574
2104	8	-0.05569907335740254
2104	9	0.10573572668883457
2104	10-14	0.06280954771980873
2104	15-19	0.1397208795680669
2104	20-24	0.2569800984171664
2104	25-29	0.16172398625643325
2104	30-34	0.24864903501448055
2104	35-39	0.2889980181973115
2104	40-44	0.1315101450433218
2104	45-49	-0.006958900262105772
2104	50-54	0.03971450332370807
2104	55-59	-0.07391850776151898
2104	60-64	-0.11678153934461477
2104	65-69	0.00824424892408615
2104	70-74	0.12660341627216098
2104	75-79	0.1696333002657866
2104	80-84	0.2467063634218789
2104	85-89	0.4189006678494316
2104	90-94	0.6302763197573427
2104	95-99	0.8025673669927613
2104	100-104	0.8231053617458137
2104	105-109	0.8311662806597866
2104	110-114	0.723020033007149
2104	115-119	0.9329827696989099
2104	120-124	0.9297406780709849
2104	125-129	0.823624154272995
2104	130-134	1.0443684640421615
2104	135-139	1.3204995406697542
2104	140-144	1.4426426108426504
2104	145-149	1.8781149744367056
2104	150	1.9605013206018356
2105	1	-0.10172120314885547
2105	2	-0.26736148895386336
2105	3	-0.16048087512507792
2105	4	-0.10451879369109207
2105	5	0.0024476802458224256
2105	6	-0.08443462744401842
2105	7	-0.035095619690196145
2105	8	-0.210851367833925
2105	9	0.09104261422123727
2105	10-14	0.16186398302230032
2105	15-19	0.1385230478451689
2105	20-24	0.12407086808040191
2105	25-29	0.22669281290663434
2105	30-34	0.167947511888471
2105	35-39	0.2575284729732914
2105	40-44	0.23628950943587057
2105	45-49	0.30351355913212785
2105	50-54	0.37000483614151847
2105	55-59	0.2590798316590579
2105	60-64	0.37930586664843347
2105	65-69	0.3663694386186762
2105	70-74	0.4317185215470971
2105	75-79	0.6150440671081121
2105	80-84	0.4869708170372071
2105	85-89	0.6905578826039758
2105	90-94	0.9205019034893951
2105	95-99	0.964938024531456
2105	100-104	1.0050964949965184
2105	105-109	1.0836421060310322
2105	110-114	1.131084141456597
2105	115-119	1.212665799724121
2105	120-124	1.238542539870835
2105	125-129	1.1805990986045352
2105	130-134	1.4154153936179732
2105	135-139	1.5434036070296564
2105	140-144	1.8085245090111357
2105	145-149	2.192624497146177
2105	150	2.578670214611126
2106	1	0.20645887155749065
2106	2	0.269245327742901
2106	3	0.2668852760060645
2106	4	0.22022131620749974
2106	5	0.2385142007926362
2106	6	0.24504376585505128
2106	7	0.1956373977361423
2106	8	0.2949365088491547
2106	9	0.2546881629681579
2106	10-14	0.0956769650505862
2106	15-19	0.3978606335748154
2106	20-24	0.40924690648316897
2106	25-29	0.36384166221282754
2106	30-34	0.3844079257575004
2106	35-39	0.4315769574943644
2106	40-44	0.5288685247733085
2106	45-49	0.49222162042014617
2106	50-54	0.5675970742962946
2106	55-59	0.506394429237794
2106	60-64	0.5141340343363971
2106	65-69	0.6194029046946845
2106	70-74	0.7363516526793674
2106	75-79	0.8939986927788972
2106	80-84	0.9814108024252235
2106	85-89	1.0548330586938306
2106	90-94	1.1908542375481908
2106	95-99	1.1095610456107963
2106	100-104	1.2969560372915296
2106	105-109	1.1353348967657944
2106	110-114	1.3846182223678838
2106	115-119	1.5670660523468172
2106	120-124	1.7206884564899099
2106	125-129	1.8868909987285356
2106	130-134	2.1493120472676246
2106	135-139	2.2639090710888077
2106	140-144	2.470368641836135
2106	145-149	2.636979010140031
2106	150	2.3325856091604464
2107	1	0.0962227025526623
2107	2	0.08385564701739767
2107	3	-0.105353567314868
2107	4	0.12873337304045407
2107	5	0.16562601409847844
2107	6	0.12799014507008621
2107	7	0.20079927603234893
2107	8	0.07558749565685474
2107	9	0.1457424635373883
2107	10-14	0.0633920682134601
2107	15-19	0.3243593337675392
2107	20-24	0.28342108065734806
2107	25-29	0.3214375043235904
2107	30-34	0.31034561718026055
2107	35-39	0.3680643777504429
2107	40-44	0.38833769543651186
2107	45-49	0.406444238560681
2107	50-54	0.4584024318926865
2107	55-59	0.5294254826792937
2107	60-64	0.6944010550884947
2107	65-69	0.6572543755685452
2107	70-74	0.8651789874768561
2107	75-79	0.9017960423672946
2107	80-84	0.9496678654584016
2107	85-89	1.177559703248832
2107	90-94	1.2010293380217938
2107	95-99	1.3803217316699872
2107	100-104	1.2430504526023576
2107	105-109	1.2967050355613061
2107	110-114	1.3524758187702588
2107	115-119	1.5053769378591966
2107	120-124	1.5951702143671938
2107	125-129	1.5629521344911623
2107	130-134	1.6510953604315333
2107	135-139	1.7978652287389956
2107	140-144	2.0200057789732746
2107	145-149	1.7817470991245408
2107	150	1.5481631269767675
2108	1	-0.525549078462273
2108	2	-0.7043160429641411
2108	3	-0.7962050218283245
2108	4	-0.6358137824457089
2108	5	-0.5202325943714783
2108	6	-0.652125338006968
2108	7	-0.758197764760439
2108	8	-0.8541687972443412
2108	9	-0.8252648918864693
2108	10-14	-0.9731236409547392
2108	15-19	-0.7109222634954833
2108	20-24	-0.609617289546371
2108	25-29	-0.5849570943615277
2108	30-34	-0.9240005248753604
2108	35-39	-0.8604158930614787
2108	40-44	-0.8235676571904307
2108	45-49	-0.8330594677546443
2108	50-54	-0.9449615754670901
2108	55-59	-1.1219498740080809
2108	60-64	-1.249839683475905
2108	65-69	-0.8447967983829692
2108	70-74	-0.33090987206247036
2108	75-79	-0.5818370980175196
2108	80-84	-0.5395941733041631
2108	85-89	-0.7725619544295306
2108	90-94	-0.7174388136582515
2108	95-99	-0.676691601862327
2108	100-104	-0.5365312041681527
2108	105-109	-0.48389956548047763
2108	110-114	-0.6572383276579501
2108	115-119	-0.7429382292125837
2108	120-124	-0.19940434440997734
2108	125-129	-0.11818809611434133
2108	130-134	-0.2171287608070429
2108	135-139	0.25450547457891304
2108	140-144	0.5280464405572403
2108	145-149	0.29378732295228005
2108	150	0.4073710244970421
2109	1	0.05385705741457869
2109	2	0.10250183767749377
2109	3	0.1272817341080028
2109	4	0.12118299706644109
2109	5	0.2641201492068035
2109	6	0.24116248731623813
2109	7	0.22247930813969674
2109	8	0.19757966570463736
2109	9	0.35094294514760094
2109	10-14	0.2695820619282969
2109	15-19	0.311125412051922
2109	20-24	0.37136019785673824
2109	25-29	0.3393909032346585
2109	30-34	0.28819942273392485
2109	35-39	0.3780971969118667
2109	40-44	0.32389727955548864
2109	45-49	0.26889587686837046
2109	50-54	0.3379163387662416
2109	55-59	0.22798007652892238
2109	60-64	0.428950953995777
2109	65-69	0.528168238521662
2109	70-74	0.6554314996496267
2109	75-79	0.6952135514732163
2109	80-84	0.683987379001799
2109	85-89	0.8966663920271607
2109	90-94	0.9274276054366233
2109	95-99	1.0284368940619828
2109	100-104	0.9226887905927761
2109	105-109	0.9517335762672161
2109	110-114	0.9449945644634106
2109	115-119	1.0111775542596924
2109	120-124	1.0173117441611481
2109	125-129	1.247192121769384
2109	130-134	1.725789833272806
2109	135-139	1.6950158833805524
2109	140-144	1.6373289651731682
2109	145-149	1.7020348536547836
2109	150	1.782299295449473
2110	1	-0.4508004768319971
2110	2	-0.44927898424031554
2110	3	-0.40093744397418973
2110	4	-0.3774471399198589
2110	5	-0.39177026175210017
2110	6	-0.267878608574172
2110	7	-0.15889055487400583
2110	8	-0.28187238908988377
2110	9	-0.35974198635924637
2110	10-14	-0.36723985587993013
2110	15-19	-0.3419156838384865
2110	20-24	-0.42535213091039026
2110	25-29	-0.2658693707379314
2110	30-34	-0.3252800293208651
2110	35-39	-0.2673822551429339
2110	40-44	-0.41429450126643275
2110	45-49	-0.2501178217617621
2110	50-54	-0.20608366123376243
2110	55-59	-0.23777334812861284
2110	60-64	-0.23296685422339536
2110	65-69	0.012223033042214837
2110	70-74	-0.041664390761329884
2110	75-79	-0.13327959921172194
2110	80-84	-0.34625919634066094
2110	85-89	-0.4957719641372229
2110	90-94	-0.02051760004282599
2110	95-99	0.22580675707568076
2110	100-104	0.42285317415441526
2110	105-109	0.29091165845899525
2110	110-114	0.3124466192579334
2110	115-119	0.4909583761775025
2110	120-124	0.6581884564899099
2110	125-129	0.8982606149200656
2110	130-134	0.9484747647796539
2110	135-139	0.8692624587230178
2110	140-144	1.2687810199676903
2110	145-149	1.304445812558889
2110	150	1.2042171036686504
2111	1	-0.5725507895512791
2111	2	-0.4595526517510713
2111	3	-0.761369454225278
2111	4	-0.7910838363838408
2111	5	-0.559658415030313
2111	6	-0.6166860040038955
2111	7	-0.6546906586052756
2111	8	-0.8871861761966926
2111	9	-0.9856043288555156
2111	10-14	-1.0974604373852515
2111	15-19	-1.3311816325220178
2111	20-24	-1.059018909444113
2111	25-29	-0.9389656272592717
2111	30-34	-1.0041790743829466
2111	35-39	-1.2382631777410893
2111	40-44	-1.0777658378744235
2111	45-49	-1.0399040743169081
2111	50-54	-1.1435904495304356
2111	55-59	-1.1188626485526925
2111	60-64	-0.8248708112664431
2111	65-69	-0.7455585210963598
2111	70-74	-0.6270725733283768
2111	75-79	-1.1992977216756415
2111	80-84	-0.7218567189937453
2111	85-89	-0.5994449665474484
2111	90-94	-0.39391772818146364
2111	95-99	-0.591425631489475
2111	100-104	-0.2938029566690261
2111	105-109	-0.22412431188606163
2111	110-114	-0.2622690045026346
2111	115-119	-0.35201865039601543
2111	120-124	-0.17933938315373865
2111	125-129	0.052199291431033856
2111	130-134	0.012609615437128241
2111	135-139	0.12649484728816773
2111	140-144	0.44247958908627893
2111	145-149	0.5658497238381415
2111	150	0.819047014886884
2112	1	-0.3212385835301639
2112	2	-0.29537241667532754
2112	3	-0.2577221179438567
2112	4	-0.3113177550008288
2112	5	-0.313899822764931
2112	6	-0.4044384694600751
2112	7	-0.3846040649370295
2112	8	-0.423312102643969
2112	9	-0.4130259155988938
2112	10-14	-0.35579610684294494
2112	15-19	-0.3867283273732838
2112	20-24	-0.38223386191243947
2112	25-29	-0.3095759104214082
2112	30-34	-0.1615670328647525
2112	35-39	-0.22510735804774384
2112	40-44	-0.23842375411511085
2112	45-49	-0.2998055634321588
2112	50-54	-0.3332503853754787
2112	55-59	-0.40363545200928286
2112	60-64	-0.3642322202416963
2112	65-69	-0.21562215115923777
2112	70-74	-0.15989370891146493
2112	75-79	-0.040195008152881684
2112	80-84	-0.04927025356381165
2112	85-89	0.11068246058634656
2112	90-94	0.21956363789658084
2112	95-99	0.21895958448174468
2112	100-104	0.4562574048079391
2112	105-109	0.2999579491164859
2112	110-114	0.4588801181683486
2112	115-119	0.6108601745354214
2112	120-124	0.6922538019639326
2112	125-129	0.8137824322080753
2112	130-134	0.9559028708174715
2112	135-139	1.190453498483528
2112	140-144	1.3393971574969505
2112	145-149	1.4826328388482253
2112	150	1.5329419644444933
2113	1	-0.1038365780476127
2113	2	-0.20000357934112856
2113	3	-0.17722595989471301
2113	4	-0.21482052858635825
2113	5	-0.11553683415652216
2113	6	-0.04901342806809339
2113	7	-0.14988104295655802
2113	8	0.018335477522924748
2113	9	0.0024277591326864467
2113	10-14	-0.08500547342005405
2113	15-19	-0.1976415643335514
2113	20-24	-0.27716277397476574
2113	25-29	-0.3074218331860621
2113	30-34	-0.3027690300186521
2113	35-39	-0.12395458611358379
2113	40-44	-0.07740662437047519
2113	45-49	0.0202832946949556
2113	50-54	-0.011466157836650837
2113	55-59	-0.12439893114671463
2113	60-64	-0.0781257656780916
2113	65-69	-0.08217602678370994
2113	70-74	-0.17276314576518814
2113	75-79	-0.20107026357692348
2113	80-84	-0.159465704108122
2113	85-89	-0.02507087338838332
2113	90-94	0.13559713057525968
2113	95-99	0.024201409835605148
2113	100-104	0.033554411805454265
2113	105-109	0.01241270513716941
2113	110-114	0.16363586601690372
2113	115-119	0.1356189953702689
2113	120-124	0.1130946227097489
2113	125-129	0.19935048234083297
2113	130-134	0.2169993525353604
2113	135-139	0.1507605673571959
2113	140-144	0.34089149042198486
2113	145-149	0.3335101189968803
2113	150	0.34175281926599155
2114	1	0.10605797065658962
2114	2	0.036120102517674724
2114	3	0.04547716789795686
2114	4	-0.018448053161868927
2114	5	-0.08712003344160024
2114	6	-0.11188956747828627
2114	7	-0.1483553950566474
2114	8	-0.08448060826796677
2114	9	-0.14011093613093806
2114	10-14	0.04713822631185849
2114	15-19	0.01359847141264936
2114	20-24	0.10553663621289644
2114	25-29	0.03204040095155847
2114	30-34	0.07756197981156276
2114	35-39	0.16326614668355433
2114	40-44	0.38483609234087623
2114	45-49	0.37162756636609373
2114	50-54	0.24055743465665103
2114	55-59	0.31332217698553677
2114	60-64	0.5160055658679248
2114	65-69	0.6087468686586526
2114	70-74	0.3033628238505415
2114	75-79	0.48467400809421335
2114	80-84	0.46681404566846396
2114	85-89	0.34626639202716447
2114	90-94	0.31449171502566386
2114	95-99	0.3550107753405243
2114	100-104	0.3983183796338743
2114	105-109	0.429284626495523
2114	110-114	0.28731858272824695
2114	115-119	0.21528641270718296
2114	120-124	-0.010184876843425172
2114	125-129	0.004535683413216418
2114	130-134	-0.28963299777742435
2114	135-139	-0.45482155954182346
2114	140-144	-0.5381216284341335
2114	145-149	-0.6775508997698765
2114	150	-0.7261134899386548
2115	1	0.06420910060009177
2115	2	0.06344100647247686
2115	3	0.04984355207874813
2115	4	-0.08947291191893214
2115	5	-0.018318903498098393
2115	6	-0.06180651663082415
2115	7	0.06138980268346472
2115	8	-0.007561964200164084
2115	9	-0.1313106536450661
2115	10-14	0.07081534495592479
2115	15-19	-0.02411791276814057
2115	20-24	-0.057527601075236134
2115	25-29	-0.08795632221227834
2115	30-34	-0.12746316143138614
2115	35-39	-0.12125362732774647
2115	40-44	0.06659852171940628
2115	45-49	0.046465588964963445
2115	50-54	0.024355739741395155
2115	55-59	-0.06489030889016334
2115	60-64	0.05007940767583463
2115	65-69	-0.07140008049389124
2115	70-74	-0.1640167241720576
2115	75-79	-0.24753627439165982
2115	80-84	-0.2467795701507427
2115	85-89	-0.4570666588202954
2115	90-94	-0.629231844296374
2115	95-99	-0.9131103546029848
2115	100-104	-1.0969304339254542
2115	105-109	-1.0121952605101256
2115	110-114	-1.1777615302661069
2115	115-119	-1.337969067518813
2115	120-124	-1.544565780798223
2115	125-129	-1.712534486078308
2115	130-134	-1.5970748056870292
2115	135-139	-1.694617039767813
2115	140-144	-2.086907278151646
2115	145-149	-2.1916808997698745
2115	150	-2.4199386311815907
2116	1	0.028070309806949467
2116	2	-0.038553051016609885
2116	3	-0.03376866323195671
2116	4	-0.033479535622646495
2116	5	-0.02112546266775439
2116	6	-0.09159469703936196
2116	7	-0.09750794220983039
2116	8	-0.04207087796653752
2116	9	-0.13901916810696946
2116	10-14	-0.1666339577177638
2116	15-19	-0.4130433759344285
2116	20-24	-0.6302988793873112
2116	25-29	-0.9065131121808179
2116	30-34	-1.009213412397152
2116	35-39	-0.8444616869141868
2116	40-44	-0.8055117306804576
2116	45-49	-1.0278799393627978
2116	50-54	-1.0318918514353612
2116	55-59	-1.1075557782409682
2116	60-64	-1.3197385413064033
2116	65-69	-1.3969676104529292
2116	70-74	-1.8002860955924334
2116	75-79	-2.2904392088985617
2116	80-84	-2.6021130969368578
2116	85-89	-3.0671284255296882
2116	90-94	-3.4490929280203417
2116	95-99	-3.6321837531276593
2116	100-104	-4.236237051355026
2116	105-109	-4.618782103629627
2116	110-114	-5.09269769084834
2116	115-119	-5.385703765329133
2116	120-124	-5.935571458898771
2116	125-129	-6.607483015687787
2116	130-134	-7.070294517255654
2116	135-139	-7.492821065975809
2116	140-144	-7.833973107369442
2116	145-149	-8.229706415370087
2116	150	-8.343941658456194
2201	1	0.5387518987854598
2201	2	0.529072766706026
2201	3	0.45842091015322595
2201	4	0.5327757386596943
2201	5	0.55214242009
2201	6	0.4659235675898685
2201	7	0.6128817796645407
2201	8	0.6727853149042815
2201	9	0.7142166970784771
2201	10-14	0.6052963427926485
2201	15-19	0.7114264763692901
2201	20-24	0.813326078592084
2201	25-29	0.7216479350283933
2201	30-34	0.7749706539131651
2201	35-39	0.8727333090131708
2201	40-44	0.7924088308786708
2201	45-49	0.7154754969732835
2201	50-54	0.6101445474199707
2201	55-59	0.6810473814465112
2201	60-64	0.710148217664706
2201	65-69	0.7730044151270512
2201	70-74	0.6243753641231535
2201	75-79	0.7627216908699275
2201	80-84	1.0539601175395958
2201	85-89	1.0782376435761094
2201	90-94	1.2173403891272763
2201	95-99	1.2594580615858675
2201	100-104	1.0188677724467539
2201	105-109	1.1772858160866058
2201	110-114	1.2444054724432476
2201	115-119	1.3595050992003657
2201	120-124	1.4638885804056514
2201	125-129	1.6073873314925216
2201	130-134	1.7188735697566528
2201	135-139	1.8152641901483868
2201	140-144	1.9544818907728043
2201	145-149	2.1716632761904755
2201	150	2.138381181684643
2202	1	-0.20365228256051537
2202	2	-0.048731039034837664
2202	3	-0.10743806663919386
2202	4	-0.3914944624603294
2202	5	-0.6167764884021594
2202	6	-0.5120131042155194
2202	7	-0.3553538176386368
2202	8	-0.27088857838004543
2202	9	-0.8640508282023376
2202	10-14	-0.5737902917454321
2202	15-19	-0.39319837375131783
2202	20-24	-0.7125800263026676
2202	25-29	-0.6541184367404185
2202	30-34	-0.760443167552495
2202	35-39	-0.3394818815439251
2202	40-44	-0.46933808781686537
2202	45-49	-0.6274976474155594
2202	50-54	-0.8784871481577881
2202	55-59	-0.34387048386958696
2202	60-64	-0.21528814936661078
2202	65-69	-0.04130623221307772
2202	70-74	-0.3408374916330601
2202	75-79	-0.2566469715653916
2202	80-84	-0.1240176023182542
2202	85-89	-0.31751542615465667
2202	90-94	-0.6598750097563979
2202	95-99	-0.26717456297413733
2202	100-104	-0.2954930275890497
2202	105-109	-0.8911257014413714
2202	110-114	-0.28949111424144647
2202	115-119	-0.41366428882872697
2202	120-124	-0.5750618548425948
2202	125-129	0.04293309312679128
2202	130-134	0.4219143662740521
2202	135-139	0.5407244761576422
2202	140-144	0.29823556542223884
2202	145-149	0.49012949873572964
2202	150	0.14558696668235172
2203	1	0.04873643673328587
2203	2	0.15017791962682026
2203	3	0.14686713839943266
2203	4	0.157820973386805
2203	5	0.05922096950825306
2203	6	0.06908506379015478
2203	7	0.03853782028258479
2203	8	0.07925744482938057
2203	9	0.1082808042820389
2203	10-14	0.09146624991066687
2203	15-19	0.1377707427990842
2203	20-24	0.11307693119815099
2203	25-29	0.07431343929964385
2203	30-34	-0.32627990809405105
2203	35-39	-0.22045066747573117
2203	40-44	0.22041839322582746
2203	45-49	0.3017590117938198
2203	50-54	0.0023084671050312977
2203	55-59	0.36081621828348176
2203	60-64	0.1025608461039127
2203	65-69	0.012710526475757433
2203	70-74	0.057729313526056814
2203	75-79	0.32760309363993656
2203	80-84	0.6249195323941308
2203	85-89	0.6276870409947115
2203	90-94	0.8652343698929208
2203	95-99	0.9590990349275401
2203	100-104	0.9734650463005323
2203	105-109	0.36073571794095116
2203	110-114	0.9564461343506707
2203	115-119	1.193554731291254
2203	120-124	1.2190144151919782
2203	125-129	1.1257939724987587
2203	130-134	1.3179469432255289
2203	135-139	1.654790239868209
2203	140-144	1.2050467491469874
2203	145-149	1.8337873893156669
2203	150	1.8935160085864204
2204	1	-0.13448765854609945
2204	2	-0.0585135190000976
2204	3	0.0029534407125595408
2204	4	-0.6059323951407336
2204	5	-0.0721129248921244
2204	6	-0.12647400551863086
2204	7	0.026956036259392135
2204	8	0.053575875881890056
2204	9	-0.03481679588117714
2204	10-14	0.1255981686749692
2204	15-19	0.13055678073061472
2204	20-24	0.18226193880656893
2204	25-29	0.0946577304424352
2204	30-34	0.0680849385051232
2204	35-39	0.2574832456268865
2204	40-44	0.26716615958391543
2204	45-49	0.31203163937281886
2204	50-54	0.35183351534828944
2204	55-59	0.3554558177156082
2204	60-64	0.24536057067100359
2204	65-69	0.5302472721168598
2204	70-74	0.5042567335527508
2204	75-79	0.5976521445015166
2204	80-84	0.6103504913937279
2204	85-89	0.846199533237538
2204	90-94	0.9136054902418032
2204	95-99	0.918565511171451
2204	100-104	0.9029943450517344
2204	105-109	0.4438518503187687
2204	110-114	0.6060760851297893
2204	115-119	0.6757381322076554
2204	120-124	0.7399175631181549
2204	125-129	1.1681174701567336
2204	130-134	0.9227996631255557
2204	135-139	1.302728488488917
2204	140-144	1.4795340103747066
2204	145-149	1.5276382644952555
2204	150	1.6560129269681667
2205	1	-0.2461611435625244
2205	2	-0.10210460610703365
2205	3	-0.024934953314161845
2205	4	-0.014095605609419692
2205	5	-0.10964777236933543
2205	6	-0.00961823880695789
2205	7	-0.009160057061315285
2205	8	-0.08135892994628335
2205	9	-0.25306478228478824
2205	10-14	-0.02715268277906091
2205	15-19	-0.06794371972953428
2205	20-24	0.14363864087491152
2205	25-29	0.05354193941310115
2205	30-34	0.17293167678125343
2205	35-39	0.11718223059963151
2205	40-44	-0.255778359873581
2205	45-49	0.1284064941050218
2205	50-54	0.14025347195268267
2205	55-59	0.29630418164754957
2205	60-64	0.29359680129916654
2205	65-69	0.3640486868404693
2205	70-74	0.48887480520252424
2205	75-79	0.5926473414275506
2205	80-84	0.5409710619854806
2205	85-89	0.7020649934257648
2205	90-94	0.7817349784289256
2205	95-99	0.8642907753405176
2205	100-104	1.0115303143658032
2205	105-109	1.071212645143543
2205	110-114	1.0812548065044751
2205	115-119	1.1033296761104445
2205	120-124	1.3619180602195122
2205	125-129	1.4885920004295343
2205	130-134	1.6647856502412246
2205	135-139	1.7435057131854492
2205	140-144	2.0345097934772873
2205	145-149	2.307284717945741
2205	150	2.5248618014366357
2206	1	-0.09683486008989917
2206	2	-0.3459928317025778
2206	3	-0.20509016395717694
2206	4	-0.2406576614397693
2206	5	-0.1942603142989512
2206	6	-0.11822304863127897
2206	7	-0.09309035440624314
2206	8	-0.14493559718148674
2206	9	-0.3950853633297555
2206	10-14	-0.16806177368815156
2206	15-19	-0.6555894073752242
2206	20-24	-0.3405133859600511
2206	25-29	-0.00760991686070156
2206	30-34	-0.03815479771985508
2206	35-39	0.005476050600776716
2206	40-44	-0.0120635381099774
2206	45-49	-0.4794506893619257
2206	50-54	-0.0479294833034416
2206	55-59	-0.15754481488437477
2206	60-64	-0.07535254204042019
2206	65-69	-0.2168825770176248
2206	70-74	-0.03974251243917948
2206	75-79	0.13074785879635797
2206	80-84	-0.3416800267631679
2206	85-89	0.2817085206302643
2206	90-94	0.4330767261121373
2206	95-99	0.4561237391247026
2206	100-104	0.5794591335141384
2206	105-109	0.7281374276780852
2206	110-114	0.5979811695723001
2206	115-119	0.7825723846214458
2206	120-124	1.0804722702371379
2206	125-129	1.2892031778699824
2206	130-134	1.5019480813060966
2206	135-139	1.515974301507697
2206	140-144	1.81233968716084
2206	145-149	2.342008124620371
2206	150	2.5152677369645247
2207	1	-0.11952215754853768
2207	2	-0.06695746158488802
2207	3	-0.05897122953793854
2207	4	-0.021543886495202003
2207	5	-0.05601650780057099
2207	6	-0.017376105939824527
2207	7	-0.06670667710793055
2207	8	0.024574199424343135
2207	9	-0.28691894895145253
2207	10-14	0.019918995542624884
2207	15-19	0.10140359961778245
2207	20-24	0.02419298236674905
2207	25-29	0.07249225992592301
2207	30-34	-0.1096950714704974
2207	35-39	-0.005115263572861295
2207	40-44	-0.1763203179155326
2207	45-49	-0.059348459274929155
2207	50-54	-0.11831660380488529
2207	55-59	0.03487134365220612
2207	60-64	0.005441206893571859
2207	65-69	-0.12600813134134725
2207	70-74	0.09097634949156586
2207	75-79	0.01840855937626884
2207	80-84	0.5883960328479532
2207	85-89	0.5033106227963948
2207	90-94	0.7972980611795109
2207	95-99	0.689370903545651
2207	100-104	0.6868945334800252
2207	105-109	0.8280854598288592
2207	110-114	1.0847221724718388
2207	115-119	0.710879938348203
2207	120-124	0.8417221103360646
2207	125-129	0.9995804911055259
2207	130-134	1.3304288611969426
2207	135-139	1.4512271584068976
2207	140-144	1.5280230510530473
2207	145-149	1.587285446383973
2207	150	1.7519159972408325
2208	1	0.027395647095243447
2208	2	0.01477200262625189
2208	3	-0.06414628487077323
2208	4	-0.12342872634319235
2208	5	0.03617464625438771
2208	6	-0.031557754231812396
2208	7	0.03802375803780933
2208	8	0.118712442763524
2208	9	0.0716449813500617
2208	10-14	0.09860489297851416
2208	15-19	0.1787902195125426
2208	20-24	0.10835774370475804
2208	25-29	0.3452649829276737
2208	30-34	0.42547338046302485
2208	35-39	0.3068274930462067
2208	40-44	0.479660848041199
2208	45-49	0.46174248493286996
2208	50-54	0.5134894650583846
2208	55-59	0.5191666069529717
2208	60-64	0.4546367927951884
2208	65-69	0.6174195288106645
2208	70-74	0.5786411734705226
2208	75-79	0.5089882751951897
2208	80-84	0.506901602671725
2208	85-89	0.756692450659088
2208	90-94	0.7455847009105696
2208	95-99	0.9988184626369367
2208	100-104	0.9696865446718732
2208	105-109	1.1197198925107301
2208	110-114	1.0940149562353092
2208	115-119	1.2602304300796021
2208	120-124	1.5108486084985948
2208	125-129	1.6046918614805357
2208	130-134	1.6833250912562399
2208	135-139	1.2510173112507914
2208	140-144	1.6783964171684715
2208	145-149	2.0384833239000457
2208	150	2.0725201691275785
2209	1	-0.01199667415215444
2209	2	0.02783157792751112
2209	3	0.030430173362439916
2209	4	0.09354320366873026
2209	5	0.11917067694091799
2209	6	-0.40058464944549854
2209	7	-0.08622643330801338
2209	8	-0.022522138322607077
2209	9	0.06767922780348812
2209	10-14	0.15401472904409275
2209	15-19	0.23423672277877472
2209	20-24	0.13307499686863622
2209	25-29	0.2433864118805218
2209	30-34	0.40219148800827753
2209	35-39	0.015506583842025634
2209	40-44	0.10064374261409625
2209	45-49	0.23318122756828075
2209	50-54	0.41738366416484496
2209	55-59	0.26153288736805536
2209	60-64	0.2236846915509858
2209	65-69	0.34324391783897923
2209	70-74	0.3723315670199412
2209	75-79	0.5269096365095152
2209	80-84	0.6393534992203804
2209	85-89	0.7329068291856302
2209	90-94	0.6922114964464292
2209	95-99	0.998717004848718
2209	100-104	0.9195852648797711
2209	105-109	0.9809252822332297
2209	110-114	0.763325577263771
2209	115-119	0.74080072964707
2209	120-124	0.7488988390035693
2209	125-129	1.3010838801345308
2209	130-134	1.3542533410203923
2209	135-139	0.9470625934636452
2209	140-144	1.512161213095922
2209	145-149	1.7322466958585387
2209	150	1.537038422629653
2210	1	-0.30601311173436585
2210	2	-0.23112125450978738
2210	3	-0.2563076463185219
2210	4	-0.24086183883768797
2210	5	-0.295733496015643
2210	6	-0.2405512799177032
2210	7	-0.2840159227895498
2210	8	-0.3595729076756129
2210	9	-0.461972863971539
2210	10-14	-0.7404365717495409
2210	15-19	-0.6124504246562736
2210	20-24	-0.6049652054672308
2210	25-29	-0.7621947740618964
2210	30-34	-0.5343772770543609
2210	35-39	-0.6104333686637773
2210	40-44	-0.9313237353381751
2210	45-49	-0.7188531659979347
2210	50-54	-0.6616090704591358
2210	55-59	-0.3997148504781123
2210	60-64	-0.3264601745736435
2210	65-69	-0.36274917872961154
2210	70-74	-0.4383037781957668
2210	75-79	-0.35239843132420035
2210	80-84	-0.3938973813643827
2210	85-89	-0.36153070005684285
2210	90-94	-0.21026279224412647
2210	95-99	-0.06941951006604796
2210	100-104	-0.539706736144268
2210	105-109	-0.31046714517921714
2210	110-114	-0.1148154398888721
2210	115-119	-0.23934122326481955
2210	120-124	-0.3439655553571548
2210	125-129	-0.08593643290342001
2210	130-134	0.1561854190238705
2210	135-139	0.6381990112713183
2210	140-144	0.7112521141614501
2210	145-149	1.0121054491800443
2210	150	1.0117579155540746
2211	1	-1.4539096347179736
2211	2	-1.1395686145815347
2211	3	-1.2508146782275702
2211	4	-1.413976416865161
2211	5	-1.4858958110966682
2211	6	-1.3932315884611697
2211	7	-1.2409065454339725
2211	8	-1.2776264945186568
2211	9	-1.6913302256579072
2211	10-14	-2.290811635642875
2211	15-19	-2.2334921231023444
2211	20-24	-1.9976881898500523
2211	25-29	-2.617866405600985
2211	30-34	-2.111963659798235
2211	35-39	-2.150564149653647
2211	40-44	-1.8434405872100186
2211	45-49	-2.0476574842505144
2211	50-54	-1.8139945255863097
2211	55-59	-1.8328286494455241
2211	60-64	-2.0113448335430775
2211	65-69	-2.009240806658852
2211	70-74	-1.966984814654893
2211	75-79	-1.8596902252943401
2211	80-84	-2.2182412239799802
2211	85-89	-2.208610250711658
2211	90-94	-2.2782447620588187
2211	95-99	-2.222714562410264
2211	100-104	-2.0676245911005324
2211	105-109	-2.209270455411339
2211	110-114	-2.1761584502185585
2211	115-119	-2.065392932037895
2211	120-124	-1.7642300967955684
2211	125-129	-1.7812680493311213
2211	130-134	-1.7554950997468666
2211	135-139	-1.4228898827518357
2211	140-144	-1.31138469487993
2211	145-149	-1.124980872160819
2211	150	-1.1395578484882591
2212	1	-1.1279823461180705
2212	2	-1.3439838571655507
2212	3	-1.305270708271948
2212	4	-1.0633399178126979
2212	5	-1.807365101836126
2212	6	-1.8922852478238568
2212	7	-2.8323965757621927
2212	8	-1.8082767205789807
2212	9	-2.324657516404514
2212	10-14	-1.956614689454888
2212	15-19	-1.9327050563051245
2212	20-24	-1.9591875106553545
2212	25-29	-1.8625293902651379
2212	30-34	-1.8105750972222836
2212	35-39	-1.9935877050083164
2212	40-44	-2.430093785268909
2212	45-49	-2.1067478404013684
2212	50-54	-2.2407790664232614
2212	55-59	-1.7583218258942281
2212	60-64	-1.9439222671054353
2212	65-69	-2.3854506259417825
2212	70-74	-2.2879775361206605
2212	75-79	-2.11559599910521
2212	80-84	-2.890068776505764
2212	85-89	-2.940910281838928
2212	90-94	-3.883396146745394
2212	95-99	-3.4848092966537223
2212	100-104	-3.2173700868888098
2212	105-109	-3.1956355174929527
2212	110-114	-2.782226240885862
2212	115-119	-2.7839756751257916
2212	120-124	-2.64850700787294
2212	125-129	-2.9694610336494165
2212	130-134	-2.9707779941777126
2212	135-139	-2.832713280204171
2212	140-144	-2.718215163351342
2212	145-149	-3.0033034699642585
2212	150	-3.0265926836031625
2213	1	-0.07138526867819195
2213	2	-0.11347266682433599
2213	3	-0.09641986753226561
2213	4	-0.19736750363185962
2213	5	-0.3573433161603248
2213	6	-0.2846019319034454
2213	7	-0.2052537320053105
2213	8	-0.1078367904805475
2213	9	-0.20481404531387426
2213	10-14	-0.4485389971154774
2213	15-19	-0.22965763849334309
2213	20-24	-0.25733572821226147
2213	25-29	-0.18690802999565648
2213	30-34	-0.20415371071628385
2213	35-39	-0.187052002268004
2213	40-44	-0.08884951864972379
2213	45-49	-0.05978073442927467
2213	50-54	-0.09866946339106875
2213	55-59	-0.1873527615538606
2213	60-64	-0.1467874348551348
2213	65-69	-0.06248454131965886
2213	70-74	-0.15686618554931897
2213	75-79	-0.01903017122610251
2213	80-84	0.09399605579138637
2213	85-89	-0.07427937803791806
2213	90-94	0.15607574973282112
2213	95-99	0.03453661771217398
2213	100-104	-0.0645248307782822
2213	105-109	-0.22050117249218104
2213	110-114	-0.2810608243577981
2213	115-119	-0.27402875721328
2213	120-124	-0.2676249925339498
2213	125-129	-0.3304850541139004
2213	130-134	-0.17025396668558912
2213	135-139	-0.20467347566619054
2213	140-144	-0.5226149328448351
2213	145-149	-0.5794113769932991
2213	150	-0.45541442992419334
2214	1	-0.1389347248716497
2214	2	-0.42189607421491004
2214	3	-0.19371926894508462
2214	4	-0.6544148445390263
2214	5	-0.3020847225561525
2214	6	-0.2808336615456284
2214	7	-0.1817803727869176
2214	8	-0.2048970700531072
2214	9	-0.1776663254058377
2214	10-14	-0.0931820302354538
2214	15-19	-0.24877729912004298
2214	20-24	-0.11986890093300673
2214	25-29	-0.19585849090663032
2214	30-34	-0.42384204655580504
2214	35-39	-0.4451500300490281
2214	40-44	-0.6931505814521017
2214	45-49	-0.3349372795273666
2214	50-54	-0.025316215797651864
2214	55-59	-0.15999687521470918
2214	60-64	-0.013819112557158064
2214	65-69	-0.050231474473360294
2214	70-74	-0.10858264559539066
2214	75-79	-0.2863389404181653
2214	80-84	-0.16491481233973104
2214	85-89	-0.14941377900437303
2214	90-94	-0.05868592260127414
2214	95-99	-0.20004202351926992
2214	100-104	-0.33536089348211107
2214	105-109	-0.31450289532881115
2214	110-114	-0.3446147719840269
2214	115-119	-0.4309091475992517
2214	120-124	-0.7593422757388453
2214	125-129	-0.8082212166402307
2214	130-134	-1.0119698586361423
2214	135-139	-1.1725317323549334
2214	140-144	-1.6215723036523784
2214	145-149	-1.8596291894545374
2214	150	-1.6802405521157446
2215	1	-0.40193475925980593
2215	2	-0.374032423836379
2215	3	-0.4703349731416644
2215	4	-0.6450359121222462
2215	5	-0.4335153805880907
2215	6	-0.3611903308370614
2215	7	-0.44975444994577884
2215	8	-0.39872095723197987
2215	9	-0.42717629418255854
2215	10-14	-0.5768949252693929
2215	15-19	-0.8903965849304925
2215	20-24	-0.8766176931218865
2215	25-29	-0.8225059312912606
2215	30-34	-0.9538453629728849
2215	35-39	-1.2207323992997203
2215	40-44	-1.4155777208179714
2215	45-49	-1.9965152762366074
2215	50-54	-1.2682530342637364
2215	55-59	-1.2560313962605498
2215	60-64	-1.4169525729906667
2215	65-69	-1.795136402878974
2215	70-74	-1.5197763400898445
2215	75-79	-1.3885776676600585
2215	80-84	-1.7947389023504385
2215	85-89	-2.313619322258557
2215	90-94	-2.2692364420081397
2215	95-99	-2.4349095154628237
2215	100-104	-2.407988970420657
2215	105-109	-2.120045333519016
2215	110-114	-2.126945263145977
2215	115-119	-2.396205902814451
2215	120-124	-2.9037526558328857
2215	125-129	-2.9091222446129557
2215	130-134	-3.1299796353637532
2215	135-139	-3.320751912140878
2215	140-144	-3.839128273290548
2215	145-149	-4.223462524633561
2215	150	-4.195721050825604
2216	1	-0.1394189189573325
2216	2	-0.06639996273517923
2216	3	-0.09961733998676081
2216	4	-0.1321211363592596
2216	5	-0.22838724388205378
2216	6	-0.5403015305016652
2216	7	-0.14228861963522377
2216	8	-0.293122696359319
2216	9	-0.32847156690853296
2216	10-14	-0.4237985871737351
2216	15-19	-0.7908308923720213
2216	20-24	-0.9113224393716592
2216	25-29	-1.3361974674551789
2216	30-34	-1.4599814677142717
2216	35-39	-1.4609426624518491
2216	40-44	-1.2758586330533674
2216	45-49	-1.574237273220639
2216	50-54	-1.4345085794814736
2216	55-59	-1.5033279154560013
2216	60-64	-1.7788926179276103
2216	65-69	-2.079418612581158
2216	70-74	-2.396337970059193
2216	75-79	-2.708304262705134
2216	80-84	-2.9397559597692755
2216	85-89	-3.3093934230897517
2216	90-94	-3.813479051695378
2216	95-99	-4.358384591706788
2216	100-104	-4.602021631241609
2216	105-109	-4.802601224510454
2216	110-114	-5.202689987146684
2216	115-119	-5.7429990902835755
2216	120-124	-6.529304746337711
2216	125-129	-6.862573310605271
2216	130-134	-7.494978511643652
2216	135-139	-8.133626127241659
2216	140-144	-8.471142792110046
2216	145-149	-8.70192083995476
2216	150	-8.995578199019677
>>END_MODULE
>>Per sequence quality scores	pass
#Quality	Count
2	29988.0
3	6244.0
4	5995.0
5	5740.0
6	5622.0
7	6306.0
8	6905.0
9	6998.0
10	6910.0
11	7023.0
12	6743.0
13	6790.0
14	6840.0
15	7042.0
16	7138.0
17	7649.0
18	7924.0
19	8453.0
20	9294.0
21	10182.0
22	11794.0
23	13204.0
24	15361.0
25	18202.0
26	21813.0
27	25395.0
28	29194.0
29	33464.0
30	39424.0
31	47228.0
32	59091.0
33	75592.0
34	107452.0
35	173919.0
36	221114.0
37	48534.0
38	523.0
>>END_MODULE
>>Per base sequence content	fail
#Base	G	A	T	C
1	45.10930087932431	19.295329312738634	12.069648125650815	23.525721682286242
2	18.177299163529714	18.76685028944312	36.90962415324895	26.146226393778214
3	21.59731894229092	24.57979680575979	29.51305506272883	24.309829189220455
4	14.644171840133327	17.575807969111942	37.05365010705438	30.72637008370035
5	15.182733110688318	33.31097844802263	34.78423167132896	16.722056769960094
6	29.929129680663273	35.33040427987675	19.265591515446225	15.47487452401375
7	24.95787913299709	29.385722291519784	23.24773577742828	22.40866279805485
8	24.890022135672055	33.2816924705272	20.139846107818528	21.688439285982216
9	23.957569704009366	16.525940422223933	20.85086573532137	38.66562413844534
10-14	26.621398900180214	21.300058867260834	25.41362567364685	26.6649165589121
15-19	25.556254573934034	25.696978486528966	23.85075019299357	24.89601674654343
20-24	25.392810025550062	24.6237759900332	24.605869604616156	25.377544379800582
25-29	25.48135342837176	24.496983338214722	24.58233376430655	25.439329469106966
30-34	25.460160601898007	24.561340666016473	24.493517146107855	25.48498158597766
35-39	25.462162662369558	24.51052811637654	24.58117568775546	25.44613353349844
40-44	25.341511233909074	24.43996897646767	24.650139477444892	25.568380312178363
45-49	25.245187922980715	24.450874759443643	24.759868803723197	25.544068513852448
50-54	25.141693519351122	24.463341336368096	24.80294260792789	25.5920225363529
55-59	25.217719806812234	24.378502993816966	24.64582423415857	25.757952965212233
60-64	25.131737700184587	24.463962748900446	24.69025109358528	25.714048457329685
65-69	25.282904105237126	24.471130474836013	24.457290340508916	25.78867507941795
70-74	25.308079081018782	24.52396331457086	24.47145733934746	25.696500265062898
75-79	25.447526069914577	24.53592720381315	24.406303642288186	25.61024308398409
80-84	25.42212407057076	24.657393965096738	24.453469555538508	25.467012408793988
85-89	25.585185252197196	24.45012371255264	24.435160600152887	25.529530435097275
90-94	25.726321419608368	24.37097982123351	24.408235656639075	25.49446310251905
95-99	25.72536911760661	24.31938173253287	24.402242283599872	25.553006866260645
100-104	25.603780632402483	24.297411003704774	24.53708462483948	25.561723739053267
105-109	25.483437500282776	24.558413272078884	24.56168894334265	25.396460284295692
110-114	25.36193484611729	24.901935446974196	24.393758906527296	25.342370800381218
115-119	25.23096770877318	25.189013891636442	24.31140447009053	25.26861392949985
120-124	25.2283073617269	25.397429288790168	24.2048518300788	25.169411519404132
125-129	25.163631690455052	25.648847776960242	24.118481272020205	25.069039260564494
130-134	25.25903354720201	25.64769699889983	24.006212967732896	25.087056486165267
135-139	25.217935874010504	25.883449579676032	23.979398740792828	24.91921580552064
140-144	25.348127756194284	25.941587911794546	23.80656844140013	24.903715890611046
145-149	25.372433597229826	25.93136905341506	23.794792029025118	24.901405320329996
150	25.379069310747692	26.098429967538728	23.77935383331719	24.74314688839638
>>END_MODULE
>>Per sequence GC content	warn
#GC Content	Count
0	284.0
1	237.0
2	183.5
3	145.0
4	100.0
5	80.5
6	77.5
7	82.0
8	75.5
9	64.0
10	65.0
11	56.5
12	41.0
13	36.0
14	33.5
15	36.5
16	41.5
17	43.5
18	53.0
19	67.5
20	94.0
21	155.0
22	231.0
23	372.5
24	568.5
25	754.0
26	1015.5
27	1406.0
28	1863.0
29	2425.0
30	3068.0
31	3745.5
32	4366.5
33	4870.5
34	5571.0
35	6451.5
36	7415.5
37	8548.5
38	9844.0
39	11509.5
40	13606.5
41	15922.5
42	18764.0
43	22171.5
44	26082.5
45	30834.0
46	36108.0
47	42008.0
48	48555.0
49	54809.0
50	60913.5
51	66170.0
52	69702.0
53	71381.0
54	70483.5
55	66954.5
56	60993.0
57	53865.5
58	46430.0
59	38572.5
60	30754.5
61	23846.0
62	18137.5
63	13361.0
64	9560.0
65	6727.0
66	4674.5
67	3149.0
68	2044.5
69	1341.5
70	931.0
71	649.5
72	438.0
73	308.5
74	220.5
75	153.0
76	109.5
77	86.0
78	60.5
79	40.0
80	38.0
81	33.5
82	23.5
83	15.5
84	12.5
85	11.5
86	10.0
87	10.0
88	7.5
89	4.0
90	5.0
91	7.5
92	6.0
93	4.0
94	3.0
95	2.5
96	3.0
97	3.5
98	4.5
99	6.5
100	14.0
>>END_MODULE
>>Per base N content	pass
#Base	N-Count
1	0.07099693791832642
2	0.05916411493193869
3	0.05970607629009384
4	0.05808019221562836
5	0.06277719065297312
6	0.06349980579718
7	0.06774516976939544
8	0.06602895880190408
9	0.07271314888581779
10-14	0.07880118147576078
15-19	0.098871817106107
20-24	0.12096577514023249
25-29	0.13821821170817186
30-34	0.1421564642440994
35-39	0.1447578787632442
40-44	0.14511918633534762
45-49	0.1473954240395993
50-54	0.15138787271134235
55-59	0.1516046572546044
60-64	0.14432430967672005
65-69	0.14537210163582004
70-74	0.15283310299975614
75-79	0.15675329015707845
80-84	0.15178531104065612
85-89	0.15400735260909232
90-94	0.15895726634690946
95-99	0.16797189027089035
100-104	0.1734637653668627
105-109	0.17821495994002293
110-114	0.18079830908056255
115-119	0.18656116485561247
120-124	0.18863868339520726
125-129	0.1932092241823158
130-134	0.19647905770985197
135-139	0.19049941739153997
140-144	0.18778961060076416
145-149	0.18614566114769351
150	0.18797026438681588
>>END_MODULE
>>Sequence Length Distribution	pass
#Length	Count
150	1107090.0
>>END_MODULE
>>Sequence Duplication Levels	pass
#Total Deduplicated Percentage	80.99409355799449
#Duplication Level	Percentage of total
1	67.97980800488281
2	18.964652985045934
3	6.960091167842289
4	2.919001964246161
5	1.271672171525297
6	0.6169569208720986
7	0.3273447673410352
8	0.19085644673639873
9	0.12806502907834405
>10	0.5945827060590124
>50	0.028180701822314053
>100	0.018787134548209367
>500	0.0
>1k	0.0
>5k	0.0
>10k+	0.0
>>END_MODULE
>>Overrepresented sequences	pass
>>END_MODULE
>>Adapter Content	fail
#Position	Illumina Universal Adapter	Illumina Small RNA 3' Adapter	Illumina Small RNA 5' Adapter	Nextera Transposase Sequence	PolyA	PolyG
1	0.0	0.0	0.0	1.8065378605172118E-4	0.0	2.7098067907758175E-4
2	0.0	0.0	0.0	1.8065378605172118E-4	9.032689302586059E-5	3.6130757210344237E-4
3	0.0	0.0	0.0	1.8065378605172118E-4	2.7098067907758175E-4	3.6130757210344237E-4
4	0.0	0.0	0.0	1.8065378605172118E-4	2.7098067907758175E-4	3.6130757210344237E-4
5	0.0	0.0	0.0	1.8065378605172118E-4	2.7098067907758175E-4	7.226151442068847E-4
6	0.0	0.0	0.0	1.8065378605172118E-4	4.5163446512930293E-4	7.226151442068847E-4
7	0.0	0.0	0.0	1.8065378605172118E-4	6.322882511810242E-4	9.935958232844665E-4
8	0.0	0.0	0.0	1.8065378605172118E-4	7.226151442068847E-4	0.001083922716310327
9	0.0	0.0	0.0	2.7098067907758175E-4	7.226151442068847E-4	0.0011742496093361877
10-11	0.0	0.0	0.0	2.7098067907758175E-4	9.032689302586059E-4	0.0018968647535430724
12-13	0.0	0.0	0.0	3.1614412559051203E-4	9.484323767715362E-4	0.0027098067907758176
14-15	0.0	0.0	0.0	3.6130757210344237E-4	0.0014000668419008391	0.004019546739650796
16-17	0.0	0.0	0.0	3.6130757210344237E-4	0.00153555718143963	0.005148632902474054
18-19	0.0	0.0	0.0	4.5163446512930293E-4	0.001987191646568933	0.005690594260629217
20-21	0.0	0.0	0.0	5.419613581551636E-4	0.002167845432620654	0.006864843869965404
22-23	0.0	0.0	0.0	7.677785907198151E-4	0.002303335772159445	0.00767778590719815
24-25	0.0	0.0	0.0	0.0013097399488749785	0.002619479897749957	0.008761708623508477
26-27	0.0	0.0	0.0	0.002845297130314608	0.0029807874698533996	0.010477919590999828
28-29	0.0	0.0	0.0	0.014542629777163555	0.0035227488280085628	0.011742496093361877
30-31	0.0	0.0	0.0	0.04809907053627076	0.004200200525702517	0.012916745702698063
32-33	0.0	0.0	0.0	0.12781255363159275	0.004696998437344751	0.014723283563215277
34-35	0.0	0.0	0.0	0.23697260385334523	0.0053292866885257745	0.01680080210281007
36-37	0.0	0.0	0.0	0.38244406507149376	0.005735757707142148	0.01820086894471091
38-39	0.0	0.0	0.0	0.5731692996955984	0.00605190183273266	0.020594531609896216
40-41	0.0	0.0	0.0	0.7575264883613798	0.006368045958323172	0.021723617772719472
42-43	0.0	0.0	0.0	0.946671002357532	0.007226151442068847	0.023033357721594448
44-45	0.0	0.0	0.0	1.1703655529360755	0.00772294935371108	0.025065712814676313
46-47	0.0	0.0	0.0	1.4205710466177095	0.008355237604892105	0.027007741014732314
48-49	0.0	0.0	0.0	1.6524401810150935	0.009258506535150712	0.028904605768275388
50-51	0.0	0.0	0.0	1.8781219232402062	0.009800467893305874	0.03075630707530553
52-53	0.0	0.0	0.0	2.101951964158289	0.010026285125870525	0.032878989061413254
54-55	0.0	0.0	0.0	2.3354921460766516	0.010613409930538619	0.03513716138705977
56-57	0.0	0.0	0.0	2.5785166517627296	0.010884390609616202	0.0377114778382968
58-59	0.0	0.0	0.0	2.823573512541889	0.011290861628232573	0.039337361912762284
60-61	0.0	0.0	0.0	3.06479148036745	0.011697332646848947	0.042002005257025174
62-63	0.0	0.0	0.0	3.2975187202485796	0.01241994779105583	0.04493762928036564
64-65	0.0	0.0	0.0	3.531917007650688	0.012781255363159274	0.04778292641068026
66-67	0.0	0.0	0.0	3.7659991509272057	0.013323216721314438	0.05080887732704659
68-69	0.0	0.0	0.0	4.015075558446016	0.014136158758547183	0.05360901101084826
70-71	0.0	0.0	0.0	4.264693927322982	0.014858773902754068	0.05613816401557235
72-73	0.0	0.0	0.0	4.503021434571715	0.01540073526090923	0.05862215357378352
74-75	0.0	0.0	0.0	4.739045606048289	0.015987860065577324	0.06115130657850762
76-77	0.0	0.0	0.0	4.980895862125031	0.01657498487024542	0.06372562302974465
78-79	0.0	0.0	0.0	5.22748828008563	0.017342763460965235	0.06539667055072307
80-81	0.0	0.0	0.0	5.467802978980932	0.01829119583773677	0.06810647734149888
82-83	0.0	0.0	0.0	5.714711541067122	0.019104137874969514	0.07040981311365833
84-85	0.0	0.0	0.0	5.954890749622885	0.019555772340098816	0.07248733165325312
86-87	0.0	0.0	0.0	6.199857283509019	0.020820348842460867	0.07519713844402895
88-89	0.0	0.0	0.0	6.443333423660226	0.021723617772719472	0.07722949353711081
90-91	0.0	0.0	0.0	6.686628910025382	0.022446232916926358	0.07953282930927025
92-93	0.0	0.0	0.0	6.928569492995149	0.0232591749541591	0.08188132852794262
94-95	0.0	4.5163446512930296E-5	0.0	7.168342230532296	0.024343097670469428	0.0837781932814857
96-97	0.0	9.032689302586059E-5	0.0	7.412360332041659	0.02592381829842199	0.08648800007226151
98-99	0.0	9.032689302586059E-5	0.0	7.651545944774138	0.036175920656857166	0.08942362409560198
100-101	0.0	9.032689302586059E-5	0.0	7.89339620085088	0.0624610465273826	0.0922689212259166
102-103	0.0	9.032689302586059E-5	0.0	8.132401159797308	0.12392849723148074	0.09457225699807603
104-105	0.0	9.032689302586059E-5	0.0	8.37519984825082	0.21172623725261724	0.0970562465562872
106-107	0.0	9.032689302586059E-5	0.0	8.612804740355346	0.32734466032571874	0.09976605334706301
108-109	0.0	9.032689302586059E-5	0.0	8.84620943193417	0.4825262625441473	0.10220487945876125
110-111	0.0	9.032689302586059E-5	0.0	9.087969361117885	0.6308430208926104	0.10514050348210172
112-113	0.0	9.032689302586059E-5	0.0	9.33018092476673	0.7801985385108708	0.10794063716590341
114-115	0.0	9.032689302586059E-5	0.0	9.564037250810685	0.957013431608993	0.1109214246357568
116-117	0.0	9.032689302586059E-5	0.0	9.799158153356998	1.1564100479635804	0.11403770244514899
118-119	0.0	9.032689302586059E-5	0.0	10.028723951982224	1.3402252752712065	0.11697332646848946
120-121	0.0	9.032689302586059E-5	0.0	10.259689817449349	1.5211500420020052	0.11918633534762305
122-123	0.0	9.032689302586059E-5	0.0	10.492959018688634	1.6983714061187438	0.12185097869188594
124-125	0.0	9.032689302586059E-5	0.0	10.714124416262454	1.8798381342076977	0.1243349682500971
126-127	0.0	9.032689302586059E-5	0.0	10.939851321934078	2.0648727745711732	0.12763189984554102
128-129	0.0	9.032689302586059E-5	0.0	11.16860417852207	2.255823826427842	0.1301610528502651
130-131	0.0	9.032689302586059E-5	0.0	11.395460170356522	2.443432783242555	0.1332773306596573
132-133	0.0	9.032689302586059E-5	0.0	11.618522432683882	2.6170862350847717	0.13517419541320036
134-135	0.0	9.032689302586059E-5	0.0	11.840184628169345	2.7922752441084286	0.13856145390167016
136-137	0.0	9.032689302586059E-5	0.0	12.063066236710656	2.9597864672248866	0.14095511656685544
138-139	0.0	9.032689302586059E-5	0.0	12.277140973181947	3.1426532621557417	0.1437100868041442
>>END_MODULE
