##FastQC	0.12.1
>>Basic Statistics	pass
#Measure	Value
Filename	SRR2584863_2.fastq
File type	Conventional base calls
Encoding	Sanger / Illumina 1.9
Total Sequences	1553259
Total Bases	232.9 Mbp
Sequences flagged as poor quality	0
Sequence length	150
%GC	50
>>END_MODULE
>>Per base sequence quality	fail
#Base	Mean	Median	Lower Quartile	Upper Quartile	10th Percentile	90th Percentile
1	30.656435919572974	31.0	31.0	34.0	28.0	34.0
2	30.713786303507657	31.0	31.0	34.0	27.0	34.0
3	30.892153208190006	33.0	31.0	34.0	27.0	34.0
4	34.40550352516869	37.0	35.0	37.0	32.0	37.0
5	34.48480453034555	37.0	35.0	37.0	32.0	37.0
6	34.380022262867946	37.0	35.0	37.0	31.0	37.0
7	34.35445988080546	37.0	35.0	37.0	31.0	37.0
8	34.364261852015666	37.0	35.0	37.0	31.0	37.0
9	35.903177126287375	39.0	37.0	39.0	31.0	39.0
10-14	36.05210077649639	39.2	37.2	39.4	30.8	39.4
15-19	36.839454978210334	40.0	38.0	41.0	30.6	41.0
20-24	36.49981323140571	40.0	37.2	41.0	30.0	41.0
25-29	36.076346571949685	40.0	36.8	41.0	27.8	41.0
30-34	35.5366686431561	39.6	35.8	41.0	26.0	41.0
35-39	35.17575896872319	39.0	35.0	40.6	24.8	41.0
40-44	34.70340091382056	38.8	34.6	40.4	23.2	41.0
45-49	33.780034495212966	37.8	33.4	40.0	19.8	41.0
50-54	32.98383077130086	36.6	33.0	39.6	16.4	41.0
55-59	31.980562932518012	35.0	32.2	38.4	9.2	40.4
60-64	30.93895879566769	35.0	31.2	36.6	3.4	39.4
65-69	30.02709696193616	34.8	30.4	35.2	2.0	37.6
70-74	29.406968573818016	34.0	30.0	35.0	2.0	36.2
75-79	28.849399102145878	34.0	29.0	35.0	2.0	35.2
80-84	28.3180024709337	34.0	28.8	35.0	2.0	35.0
85-89	27.800785702835135	34.0	27.0	35.0	2.0	35.0
90-94	27.291021523132976	33.0	25.6	35.0	2.0	35.0
95-99	26.784863438743958	33.0	24.4	35.0	2.0	35.0
100-104	26.01519798050422	32.2	23.4	34.4	2.0	35.0
105-109	26.853402813053073	33.0	25.0	35.0	2.0	35.0
110-114	26.501564388167075	33.0	24.2	35.0	2.0	35.0
115-119	25.919162612288098	33.0	22.0	35.0	2.0	35.0
120-124	25.25722715915375	33.0	18.8	35.0	2.0	35.0
125-129	24.537476235450754	32.0	12.8	35.0	2.0	35.0
130-134	23.721895060643458	31.2	3.6	35.0	2.0	35.0
135-139	22.81900623141408	31.0	2.0	34.0	2.0	35.0
140-144	21.744608593930565	29.8	2.0	34.0	2.0	35.0
145-149	20.385221138264775	29.0	2.0	34.0	2.0	35.0
150	19.58169564766726	27.0	2.0	34.0	2.0	35.0
>>END_MODULE
>>Per tile sequence quality	fail
#Tile	Base	Mean
1101	1	0.10128449587476496
1101	2	0.04772640738783096
1101	3	0.13361948290920012
1101	4	0.14636577604406398
1101	5	0.19859781118206143
1101	6	0.2587605283114627
1101	7	0.25392013594787954
1101	8	0.21631689634743623
1101	9	0.3918056973257862
1101	10-14	0.34882689070612827
1101	15-19	0.30137444954042536
1101	20-24	0.3081457958734646
1101	25-29	0.2847303912287984
1101	30-34	0.38385099853094573
1101	35-39	0.15053590873392153
1101	40-44	-0.07319467049041606
1101	45-49	-0.2367784563366513
1101	50-54	-0.3195675811160186
1101	55-59	-0.18943741368193656
1101	60-64	-0.1349076103933733
1101	65-69	-0.25286376103398567
1101	70-74	0.2291059197079619
1101	75-79	0.41687781280357683
1101	80-84	0.3939632786958711
1101	85-89	0.424808772203086
1101	90-94	0.47771162351882523
1101	95-99	0.4185194187486232
1101	100-104	0.42318773665379084
1101	105-109	0.4853449622983881
1101	110-114	0.4699422485845943
1101	115-119	0.6150673827194026
1101	120-124	0.7770881196742536
1101	125-129	0.9384405495822357
1101	130-134	1.027899163702532
1101	135-139	1.0902761519202606
1101	140-144	1.1923698511025194
1101	145-149	1.4224744503807223
1101	150	1.6086620724759086
1102	1	0.02791068414754605
1102	2	0.016610427332384603
1102	3	0.0735241701875502
1102	4	0.17451945755463072
1102	5	0.06036145840629814
1102	6	0.14778229188149083
1102	7	0.13801819698005602
1102	8	0.11198140753319308
1102	9	0.1840790171942004
1102	10-14	0.17731723060690285
1102	15-19	-0.04053161189319354
1102	20-24	-0.23182805271662232
1102	25-29	-0.3638219786582866
1102	30-34	-0.16251195794866646
1102	35-39	-0.21333163389239473
1102	40-44	-0.3416318197744346
1102	45-49	-0.6870189431581792
1102	50-54	-0.8620790911138627
1102	55-59	-0.5776568693659172
1102	60-64	-0.5326049449760575
1102	65-69	-0.6223191555101444
1102	70-74	-0.34059101343611076
1102	75-79	-0.15886760370345954
1102	80-84	-0.0011427310139282554
1102	85-89	-0.014515566074571495
1102	90-94	-0.12471887500810297
1102	95-99	-0.15010532588912895
1102	100-104	-0.21164155060931122
1102	105-109	-0.18917472508129052
1102	110-114	-0.07535576651374498
1102	115-119	0.08115485194807093
1102	120-124	0.3552924635102883
1102	125-129	0.46389072535637865
1102	130-134	0.6538022510163941
1102	135-139	0.7200253106844059
1102	140-144	0.8892163384663725
1102	145-149	1.1676517154450465
1102	150	1.230741389412664
1103	1	0.5847017589230603
1103	2	0.4764141755377267
1103	3	0.5809610923779509
1103	4	0.64027743317898
1103	5	0.6089021617731234
1103	6	0.6186581710326493
1103	7	0.6801923551382743
1103	8	0.6330055991859638
1103	9	0.7503758455597165
1103	10-14	0.8082556214374108
1103	15-19	0.8240848099427538
1103	20-24	0.7704584107684411
1103	25-29	0.7384194238704325
1103	30-34	0.7831972193274694
1103	35-39	0.792292280367306
1103	40-44	0.8053508386412815
1103	45-49	0.655240130952464
1103	50-54	0.6490758189026238
1103	55-59	0.6469736186017911
1103	60-64	0.5998746825812233
1103	65-69	0.6965427412635492
1103	70-74	0.7861187465347008
1103	75-79	0.9254194027503608
1103	80-84	0.9337678074989206
1103	85-89	1.0769483513861573
1103	90-94	1.13729326161981
1103	95-99	1.2169754225702007
1103	100-104	1.3504734718559135
1103	105-109	1.376575778627636
1103	110-114	1.4120309375211022
1103	115-119	1.4259127583030313
1103	120-124	1.4751425031716785
1103	125-129	1.675545780437016
1103	130-134	1.8423514760955868
1103	135-139	2.0868303010060565
1103	140-144	2.1899066803488054
1103	145-149	2.1994007445621406
1103	150	2.313466105834827
1104	1	0.27122390445531863
1104	2	0.2340736745940255
1104	3	0.3492835025052017
1104	4	0.5129489199999497
1104	5	0.4526865381442633
1104	6	0.44703003512483974
1104	7	0.5147150717749085
1104	8	0.563383676125575
1104	9	0.624387841256393
1104	10-14	0.7047369839388153
1104	15-19	0.6195913707547192
1104	20-24	0.6805539747319216
1104	25-29	0.8418386608198816
1104	30-34	0.9773942060839431
1104	35-39	0.8320473233483341
1104	40-44	0.782829245844546
1104	45-49	0.7452061443976348
1104	50-54	0.7417656829271806
1104	55-59	0.7673306506792414
1104	60-64	0.6680209186986517
1104	65-69	0.8499695971127146
1104	70-74	0.8654668108540875
1104	75-79	0.9793636340743461
1104	80-84	1.090422655477866
1104	85-89	1.2215341107650168
1104	90-94	1.2678672173400152
1104	95-99	1.3066553828600789
1104	100-104	1.3217176152181445
1104	105-109	1.4244271862871933
1104	110-114	1.5119900250733238
1104	115-119	1.6488284047677126
1104	120-124	1.8971682621497656
1104	125-129	1.8647977046788498
1104	130-134	1.9394365059387084
1104	135-139	1.955948458242613
1104	140-144	2.144469482834783
1104	145-149	2.1322450906497217
1104	150	2.11027025919973
1105	1	0.12087478661308992
1105	2	0.10164705305703592
1105	3	0.2358194267544782
1105	4	0.3012691293618772
1105	5	0.2920255064711199
1105	6	0.36312986122639046
1105	7	0.39286261038922277
1105	8	0.3138425100579951
1105	9	0.37084071695241505
1105	10-14	0.4844168180903594
1105	15-19	0.46430137683106665
1105	20-24	0.4305144241016734
1105	25-29	0.564830864139644
1105	30-34	0.5970401463555106
1105	35-39	0.5550124861586312
1105	40-44	0.4474928945417105
1105	45-49	0.3650299459513704
1105	50-54	0.4211249937982444
1105	55-59	0.2689831521594712
1105	60-64	0.20614881409228403
1105	65-69	0.23990741948142613
1105	70-74	0.49632780243267405
1105	75-79	0.4639560605560149
1105	80-84	0.5277701835246305
1105	85-89	0.5864465632304459
1105	90-94	0.6944786529890443
1105	95-99	0.9571280478576938
1105	100-104	0.9857121667108828
1105	105-109	1.0782569149962917
1105	110-114	1.0750202871331567
1105	115-119	1.2391658516773987
1105	120-124	1.1913115053636076
1105	125-129	1.3186248692017024
1105	130-134	1.5068691649687658
1105	135-139	1.5666286824612712
1105	140-144	1.5826476518193182
1105	145-149	1.8188828053226125
1105	150	1.8978107228356862
1106	1	-0.08122351283088136
1106	2	0.08941148252973363
1106	3	-0.22878388957780516
1106	4	-0.025238981086332046
1106	5	0.13424042320205132
1106	6	0.1652570218705378
1106	7	0.10878948332327809
1106	8	0.20939653236229105
1106	9	0.37265694326029575
1106	10-14	0.27643669624198
1106	15-19	0.28546903785628075
1106	20-24	0.39584355452273456
1106	25-29	0.43252751488756047
1106	30-34	0.5052428151145989
1106	35-39	0.5165991306382409
1106	40-44	0.3963210847189771
1106	45-49	0.5034013625402451
1106	50-54	0.4187734824183522
1106	55-59	0.3190088566658815
1106	60-64	0.3619239853429228
1106	65-69	0.43541364042293296
1106	70-74	0.3997451489158941
1106	75-79	0.5730583870393247
1106	80-84	0.5940181373106306
1106	85-89	0.4484864187440607
1106	90-94	0.4802843539779964
1106	95-99	0.6585066211222994
1106	100-104	0.3956843878057157
1106	105-109	0.6126860720237701
1106	110-114	0.7929225739323158
1106	115-119	0.6399872684917582
1106	120-124	0.9644696872883785
1106	125-129	1.083273732115515
1106	130-134	1.1715886025361222
1106	135-139	1.2529376506282723
1106	140-144	1.0862356852441977
1106	145-149	1.0071505019733635
1106	150	0.9805961443219466
1107	1	-0.04426592201414792
1107	2	-0.12983240514409644
1107	3	-0.03429918279547195
1107	4	0.026508548172166968
1107	5	0.033661508300816934
1107	6	-0.0796346940096484
1107	7	-0.07224940002954128
1107	8	0.018705472470628592
1107	9	0.1653120143736544
1107	10-14	0.18291008930736297
1107	15-19	0.24824873528480396
1107	20-24	0.15065634184125543
1107	25-29	0.19726726920102067
1107	30-34	0.30935575672415894
1107	35-39	0.24284269765131228
1107	40-44	0.28950488660527185
1107	45-49	0.3116776455787331
1107	50-54	0.22006403414179943
1107	55-59	0.2698541500704792
1107	60-64	0.20319158753376598
1107	65-69	0.21479342786654954
1107	70-74	0.19455885651641225
1107	75-79	0.2738406267469031
1107	80-84	0.37011417161414073
1107	85-89	0.4087710015759072
1107	90-94	0.4844765261167403
1107	95-99	0.4884484276646468
1107	100-104	0.6740451067185198
1107	105-109	0.7660786772702401
1107	110-114	0.9182087600679836
1107	115-119	0.9205676644718501
1107	120-124	0.8546340295240036
1107	125-129	0.9432815832713999
1107	130-134	0.8525031040236719
1107	135-139	0.9575549499169185
1107	140-144	1.0117415168124566
1107	145-149	1.1196339117332386
1107	150	1.094940464959702
1108	1	0.15399383581007697
1108	2	0.11495144698638882
1108	3	0.10168308018854688
1108	4	0.28945699248512113
1108	5	0.17524065216224471
1108	6	0.12667504866978163
1108	7	0.2060245164134784
1108	8	0.1221288997016643
1108	9	0.20044616904775836
1108	10-14	0.3385697330173443
1108	15-19	0.36453488026624115
1108	20-24	0.4178751946409207
1108	25-29	0.4476739948971584
1108	30-34	0.5212937969177247
1108	35-39	0.5558272076997
1108	40-44	0.567891860675978
1108	45-49	0.449576746048578
1108	50-54	0.5307635826157053
1108	55-59	0.39320896787511117
1108	60-64	0.4871133136173249
1108	65-69	0.49850242246373355
1108	70-74	0.4588894919636779
1108	75-79	0.43902465357079734
1108	80-84	0.5606782622574791
1108	85-89	0.5836056415877451
1108	90-94	0.642506576200212
1108	95-99	0.7102431206480304
1108	100-104	0.8139333874677277
1108	105-109	0.8783479305263704
1108	110-114	0.9849610828563087
1108	115-119	1.0976802219692274
1108	120-124	1.2667505669316341
1108	125-129	1.2223624705448515
1108	130-134	1.2834110166487953
1108	135-139	1.3266896540299626
1108	140-144	1.2055935064153829
1108	145-149	1.1848953530947206
1108	150	1.3539255526233873
1109	1	0.1246476793604181
1109	2	0.15672550812009334
1109	3	0.1997651668782261
1109	4	0.2498485245073283
1109	5	0.22361198794980908
1109	6	0.2137805963859023
1109	7	0.21318518895017036
1109	8	0.1657172547568848
1109	9	0.246738174386671
1109	10-14	0.2373326528971731
1109	15-19	0.07999357396767692
1109	20-24	0.07070501064274026
1109	25-29	0.058156458573961345
1109	30-34	0.10285225335331205
1109	35-39	0.2018297383038714
1109	40-44	0.06261820655645778
1109	45-49	0.06624318707838484
1109	50-54	0.03583267088657749
1109	55-59	-0.041791613573714415
1109	60-64	0.05262190777819242
1109	65-69	-0.10318051609188217
1109	70-74	-0.04869378105518862
1109	75-79	0.015282657170573088
1109	80-84	0.16264824561242008
1109	85-89	0.16291248515371137
1109	90-94	0.3057151323499454
1109	95-99	0.3599025651995049
1109	100-104	0.4442863355868738
1109	105-109	0.632756926841548
1109	110-114	0.7765053588830888
1109	115-119	0.8598695243521277
1109	120-124	0.8778079880411767
1109	125-129	0.8732983601702351
1109	130-134	0.9239391804680999
1109	135-139	1.038671873845395
1109	140-144	1.2794372650394834
1109	145-149	1.0375240398708385
1109	150	0.7842450717738849
1110	1	0.3343357341237123
1110	2	0.29293061628142425
1110	3	0.3634241822814275
1110	4	0.4217894426862756
1110	5	0.25864057085801306
1110	6	0.32083411058716393
1110	7	0.32124487891820763
1110	8	0.32698297262314924
1110	9	0.34926270184280384
1110	10-14	0.40171662733586544
1110	15-19	0.4212940655417654
1110	20-24	0.4063025184700777
1110	25-29	0.3683833042317204
1110	30-34	0.49195993090148704
1110	35-39	0.4214256348833487
1110	40-44	0.427248856344427
1110	45-49	0.4752821303512462
1110	50-54	0.4161556652656557
1110	55-59	0.47527500653667687
1110	60-64	0.44375614973322897
1110	65-69	0.5585341030782764
1110	70-74	0.6021814722824494
1110	75-79	0.7148604050041314
1110	80-84	0.8392931465391271
1110	85-89	0.9376890765513721
1110	90-94	0.8995995994560282
1110	95-99	0.7488905266224926
1110	100-104	0.8670360550876133
1110	105-109	0.9644025725774803
1110	110-114	1.0399817593635916
1110	115-119	1.2034024278371476
1110	120-124	0.8963572226642889
1110	125-129	1.059888719195616
1110	130-134	1.2289498674555297
1110	135-139	1.2566382781661076
1110	140-144	1.1583625463245433
1110	145-149	1.0547726257582788
1110	150	1.0377666869576068
1111	1	-0.05354896651720509
1111	2	-0.05472163568483879
1111	3	-0.06618511019231477
1111	4	-0.06688915200358281
1111	5	-0.05804680291529962
1111	6	-0.11455629591067407
1111	7	-0.02127825922099902
1111	8	-0.13180828879540485
1111	9	-0.029824443148903867
1111	10-14	-0.04129513466558876
1111	15-19	-0.10131946322286467
1111	20-24	-0.09160506033096283
1111	25-29	-0.13738686330427896
1111	30-34	-0.044448909482298404
1111	35-39	-0.00915871601726792
1111	40-44	0.1015998664316129
1111	45-49	0.09806929778326179
1111	50-54	0.15739368570275047
1111	55-59	0.022521280625795725
1111	60-64	-0.020554194150697924
1111	65-69	-0.030151606828834332
1111	70-74	0.08723349546710679
1111	75-79	-0.06545028369416173
1111	80-84	0.10798673791767754
1111	85-89	0.23741979294428361
1111	90-94	0.18067791063184302
1111	95-99	0.31815141974644945
1111	100-104	0.364212271652935
1111	105-109	0.46480348770388247
1111	110-114	0.5171427329442437
1111	115-119	0.6637209980068768
1111	120-124	0.7942215628373468
1111	125-129	0.9622985885492774
1111	130-134	0.9232980588220343
1111	135-139	0.7682827417060949
1111	140-144	0.7353422186961538
1111	145-149	0.607540582103681
1111	150	0.5289882876625605
1112	1	0.2323021190862633
1112	2	0.1673769628113213
1112	3	0.21191106578583785
1112	4	0.2805257662783802
1112	5	0.32501335404508325
1112	6	0.32604772305341356
1112	7	0.2768177825456277
1112	8	0.27330835779545737
1112	9	0.20761486807754892
1112	10-14	0.23801132728376473
1112	15-19	0.24423977942149833
1112	20-24	0.20826542554830496
1112	25-29	0.17768129937351063
1112	30-34	0.08638699344251677
1112	35-39	0.28982963106715687
1112	40-44	0.15044722430999258
1112	45-49	0.22298845211645357
1112	50-54	0.2631234440884569
1112	55-59	0.27388510458054327
1112	60-64	0.27297734723510914
1112	65-69	0.33033739285912134
1112	70-74	0.34093904209386494
1112	75-79	0.25184340802867666
1112	80-84	0.20555868368279206
1112	85-89	0.2258738103984932
1112	90-94	0.27505240104746775
1112	95-99	0.25854788058856215
1112	100-104	0.27995176037413216
1112	105-109	0.5789596159698362
1112	110-114	0.7054909581646029
1112	115-119	0.4903334655864029
1112	120-124	0.6599598101019488
1112	125-129	0.6518154941683854
1112	130-134	0.6912113380457505
1112	135-139	0.8539217731015256
1112	140-144	0.5494585196923403
1112	145-149	0.459763829552827
1112	150	0.5350018027630341
1113	1	0.18993959362801505
1113	2	0.2590266573123401
1113	3	0.2449049558062022
1113	4	0.25608584774477094
1113	5	0.19303779396361165
1113	6	0.2274733849678725
1113	7	0.1346589230751576
1113	8	0.15029410117631414
1113	9	0.11515050962541551
1113	10-14	0.17300114398437216
1113	15-19	0.2085574983624383
1113	20-24	0.23848945813486466
1113	25-29	0.19519657432259407
1113	30-34	0.10390226839159311
1113	35-39	0.07402515041542301
1113	40-44	0.226292438159291
1113	45-49	0.3448621792040285
1113	50-54	0.35102568441432425
1113	55-59	0.3301783836029415
1113	60-64	0.24609343684813823
1113	65-69	0.14858586536421114
1113	70-74	-0.031280917172935574
1113	75-79	0.046222226765944896
1113	80-84	0.10983566942617529
1113	85-89	0.16819560265918554
1113	90-94	0.07904425440795393
1113	95-99	0.11565582356208637
1113	100-104	0.08622467279776203
1113	105-109	0.20087407625496922
1113	110-114	0.2970999194680637
1113	115-119	0.15322552261287825
1113	120-124	0.0056217245622356415
1113	125-129	-0.2162089457501537
1113	130-134	-0.38952185951024987
1113	135-139	-0.4466892248618173
1113	140-144	-0.5043093010815838
1113	145-149	-0.78235429672009
1113	150	-0.7619432074202663
1114	1	0.26805146048787876
1114	2	0.27022257794808624
1114	3	0.2366384337597367
1114	4	0.33775792367709556
1114	5	0.11872909139822951
1114	6	0.23974791261557726
1114	7	0.14841653536429078
1114	8	0.07696208867763232
1114	9	0.12548643257822079
1114	10-14	0.06993208392054129
1114	15-19	0.11536863971469558
1114	20-24	0.0156563349597576
1114	25-29	0.09719246742229615
1114	30-34	0.015570566512927542
1114	35-39	0.04662228633098664
1114	40-44	0.07858926328693627
1114	45-49	0.07420814777599105
1114	50-54	0.08204738919770449
1114	55-59	-0.06801330420547913
1114	60-64	-0.07941407427961522
1114	65-69	-0.06372311591967517
1114	70-74	-0.11575105819441944
1114	75-79	-0.30281268524463556
1114	80-84	-0.20104929538980798
1114	85-89	-0.11242157412389986
1114	90-94	-0.2965041410297893
1114	95-99	-0.37937455843337275
1114	100-104	-0.4217893907332666
1114	105-109	-0.21194694113471613
1114	110-114	-0.23567687234768186
1114	115-119	-0.2822908369877126
1114	120-124	-0.512070989971253
1114	125-129	-0.757718021731165
1114	130-134	-0.8362398820192922
1114	135-139	-0.876459214938766
1114	140-144	-1.1334940158904416
1114	145-149	-1.426394506061186
1114	150	-1.3327949610801255
1115	1	0.4338010683641187
1115	2	0.4951042852311822
1115	3	0.3637268513170504
1115	4	0.4546573515123882
1115	5	0.2503679474621734
1115	6	0.2911783243742079
1115	7	0.28625201219826124
1115	8	0.17843158988965513
1115	9	0.06774532768244512
1115	10-14	0.19511854143267726
1115	15-19	0.1995902023422289
1115	20-24	0.09077970848611727
1115	25-29	-0.0017969431874149677
1115	30-34	-0.11419655212725388
1115	35-39	-0.14328394815001388
1115	40-44	0.05246744514385426
1115	45-49	0.02255876951956992
1115	50-54	-0.09522260993364995
1115	55-59	-0.18495177232503224
1115	60-64	-0.22618361367965178
1115	65-69	-0.3463603838209224
1115	70-74	-0.44999794292068884
1115	75-79	-0.5223124713589478
1115	80-84	-0.7323386573220922
1115	85-89	-0.9753399255159607
1115	90-94	-1.1358234436805006
1115	95-99	-1.2770716405736735
1115	100-104	-1.3295684705822879
1115	105-109	-1.3385565497648777
1115	110-114	-1.6069901632535277
1115	115-119	-1.7964480044528344
1115	120-124	-2.1487766914589486
1115	125-129	-2.4577519484265586
1115	130-134	-2.880917275203469
1115	135-139	-3.177497207920691
1115	140-144	-3.838193895753882
1115	145-149	-4.184426102140115
1115	150	-4.295923035174717
1116	1	0.41242128061312044
1116	2	0.48535298355602663
1116	3	0.2584304578094283
1116	4	0.3850203699965391
1116	5	0.40213267325415814
1116	6	0.35460900901383496
1116	7	0.36491888409214823
1116	8	0.15505825067887002
1116	9	0.14739825728762668
1116	10-14	0.12857676251558559
1116	15-19	-0.09976457293799257
1116	20-24	-0.2073386748498578
1116	25-29	-0.5187587314364421
1116	30-34	-0.7252115162541202
1116	35-39	-0.8143195907999825
1116	40-44	-0.6382207241782751
1116	45-49	-0.7384124924908662
1116	50-54	-0.7978121315796116
1116	55-59	-1.0371789201796986
1116	60-64	-1.1550558766563164
1116	65-69	-1.5507566410565943
1116	70-74	-2.0839500148426247
1116	75-79	-2.5216306119680674
1116	80-84	-3.0105103728739344
1116	85-89	-3.6129468256635136
1116	90-94	-4.09676379266886
1116	95-99	-4.755759626158341
1116	100-104	-5.228985684364851
1116	105-109	-5.523995646034447
1116	110-114	-6.08446364421615
1116	115-119	-6.605966120724798
1116	120-124	-7.195003489567743
1116	125-129	-7.761768787803753
1116	130-134	-8.411172404339476
1116	135-139	-9.020161626758295
1116	140-144	-9.63051276728352
1116	145-149	-9.745370963978406
1116	150	-9.811960172706236
1201	1	0.5193472478667509
1201	2	0.6331789803741223
1201	3	0.6389573013287517
1201	4	0.6404275465382909
1201	5	0.7045888129988427
1201	6	0.8232826615901203
1201	7	0.8270019716848154
1201	8	0.8801234101984861
1201	9	0.9747268800305875
1201	10-14	0.9320972445999303
1201	15-19	1.0683185461843365
1201	20-24	1.1346325212843453
1201	25-29	1.2287000958887333
1201	30-34	1.3152191963229143
1201	35-39	1.3651929475350215
1201	40-44	1.439087479863609
1201	45-49	1.4532585347004527
1201	50-54	1.486122097527499
1201	55-59	1.5829012904385067
1201	60-64	1.6039178023314697
1201	65-69	1.5611885474184959
1201	70-74	1.5848012957442883
1201	75-79	1.587748018128206
1201	80-84	1.7070542235387265
1201	85-89	1.877683182506125
1201	90-94	1.8779993838720372
1201	95-99	1.8824799470767708
1201	100-104	1.8542340737680263
1201	105-109	1.8264727099459037
1201	110-114	2.021687297819142
1201	115-119	2.1058051362659853
1201	120-124	2.2974663828601862
1201	125-129	2.2467089791353985
1201	130-134	2.173134630729077
1201	135-139	2.3347353953938885
1201	140-144	2.3005035095849955
1201	145-149	2.2824700806989213
1201	150	2.1829374195714983
1202	1	0.4053620459530407
1202	2	0.3292613141873595
1202	3	0.502584298965651
1202	4	0.5130821140372888
1202	5	0.5232463564507484
1202	6	0.5318105885294457
1202	7	0.5523256549608959
1202	8	0.46994285084556964
1202	9	0.5947582625174377
1202	10-14	0.5596009154810702
1202	15-19	0.605986785511206
1202	20-24	0.4930551548621267
1202	25-29	0.6532757070238091
1202	30-34	0.6573025171702511
1202	35-39	0.827689019420383
1202	40-44	0.758956752208384
1202	45-49	0.7531425144368242
1202	50-54	0.7439396489669079
1202	55-59	0.8651638208258703
1202	60-64	0.9014679582229341
1202	65-69	1.021954525132525
1202	70-74	0.8458246130327929
1202	75-79	0.7059641011621238
1202	80-84	0.8734736366591704
1202	85-89	0.9316829645206255
1202	90-94	0.8587036891917528
1202	95-99	1.0018319414186934
1202	100-104	1.14540345990547
1202	105-109	1.0567521159115465
1202	110-114	1.1288371426967316
1202	115-119	1.1547229390251772
1202	120-124	1.2296266960804267
1202	125-129	1.3947614431008368
1202	130-134	1.4931936194089452
1202	135-139	1.4269859577938284
1202	140-144	1.8376768528752976
1202	145-149	1.7695083498834308
1202	150	1.614975931404107
1203	1	0.5676669706595554
1203	2	0.434744796534563
1203	3	0.5441061928461828
1203	4	0.5200042137703562
1203	5	0.6768887664472842
1203	6	0.6625921044334504
1203	7	0.7502028559901177
1203	8	0.6984475390753246
1203	9	0.7957083582879676
1203	10-14	0.7748713290547684
1203	15-19	0.8438097099808317
1203	20-24	0.8136464351945989
1203	25-29	0.7629527540475891
1203	30-34	0.9878780874592579
1203	35-39	0.8570969362490644
1203	40-44	0.9793801345055755
1203	45-49	0.9232711850683444
1203	50-54	0.9163129639070817
1203	55-59	0.9017487445363983
1203	60-64	1.0610526322389475
1203	65-69	1.0936316973526274
1203	70-74	1.0980066708181084
1203	75-79	1.147756167764701
1203	80-84	1.1142304367623055
1203	85-89	1.3057039840049391
1203	90-94	1.5185888576401396
1203	95-99	1.4984158737977893
1203	100-104	1.4626766189552889
1203	105-109	1.6135645525134592
1203	110-114	1.6414146486418133
1203	115-119	1.7606958272739703
1203	120-124	1.8304074277621432
1203	125-129	1.8615211925313417
1203	130-134	1.8610531184235448
1203	135-139	1.8519171056369501
1203	140-144	1.760576492668271
1203	145-149	1.857104536375683
1203	150	2.1752480681724755
1204	1	0.45891085409418153
1204	2	0.43994722757710747
1204	3	0.5093005204135821
1204	4	0.5788747140041082
1204	5	0.5230156170005031
1204	6	0.50821653952773
1204	7	0.44071368659631815
1204	8	0.49105716974386127
1204	9	0.7007499665161134
1204	10-14	0.7643553870257875
1204	15-19	0.7730783401818542
1204	20-24	0.7682335631360004
1204	25-29	0.9409071875835124
1204	30-34	1.1360155971990125
1204	35-39	1.1499965466589188
1204	40-44	1.090172592040254
1204	45-49	0.9479553677082109
1204	50-54	0.9961846796621074
1204	55-59	0.9941282365108393
1204	60-64	1.0146137355582532
1204	65-69	0.9167111425762506
1204	70-74	1.0922970869003876
1204	75-79	1.0904316859195973
1204	80-84	1.1915395843390542
1204	85-89	1.1049536022065887
1204	90-94	1.2894399095335451
1204	95-99	1.2360073963161007
1204	100-104	1.4322287461175165
1204	105-109	1.4782736689229914
1204	110-114	1.4896350631657356
1204	115-119	1.647899068664021
1204	120-124	1.7039770085631432
1204	125-129	1.6668024142860531
1204	130-134	1.7000647437936607
1204	135-139	1.794498374142485
1204	140-144	2.0143169944603905
1204	145-149	2.1753358594238357
1204	150	2.016069012538999
1205	1	0.09545317874918169
1205	2	0.01692716782465098
1205	3	0.06489534186755819
1205	4	0.0904462035474296
1205	5	0.23024964744579535
1205	6	0.2815322316603215
1205	7	0.22109553323168285
1205	8	0.29639050307719117
1205	9	0.20014902754897435
1205	10-14	0.33966191711541427
1205	15-19	0.44956694453524193
1205	20-24	0.5026271895408954
1205	25-29	0.5275307186690128
1205	30-34	0.6884610659712393
1205	35-39	0.7222967885140861
1205	40-44	0.6073581945441688
1205	45-49	0.6444611580055479
1205	50-54	0.6819861307931419
1205	55-59	0.6676905640111954
1205	60-64	0.7186485627029384
1205	65-69	0.7150082545409688
1205	70-74	0.7089055376046112
1205	75-79	0.8272725452168004
1205	80-84	0.8317339789897815
1205	85-89	0.8201794380296086
1205	90-94	1.0532534818766948
1205	95-99	1.1953959864427155
1205	100-104	1.130792980005694
1205	105-109	1.3504402929093366
1205	110-114	1.4034997949910277
1205	115-119	1.5752659202787669
1205	120-124	1.7433066429350248
1205	125-129	1.7732193726016021
1205	130-134	1.897536475192151
1205	135-139	1.9643478548652027
1205	140-144	2.1834173501297585
1205	145-149	2.111391514566815
1205	150	1.9653255212884666
1206	1	0.14210022037705983
1206	2	0.21718058899243786
1206	3	0.24322844328168713
1206	4	0.2550117541613659
1206	5	0.31270914877996603
1206	6	0.2656603287255237
1206	7	0.25645907646807586
1206	8	0.2771543334619153
1206	9	0.41633098308449235
1206	10-14	0.3255984086489292
1206	15-19	0.3480083036752504
1206	20-24	0.39669987409734375
1206	25-29	0.540462892909737
1206	30-34	0.6643951160607529
1206	35-39	0.6781063285553941
1206	40-44	0.725677150684831
1206	45-49	0.7764378539012284
1206	50-54	0.7839593496986197
1206	55-59	0.7689423523958965
1206	60-64	0.8384854569848237
1206	65-69	0.8716171427634656
1206	70-74	0.8353825123426795
1206	75-79	0.9512674811082178
1206	80-84	0.9461172123461701
1206	85-89	1.219513632160723
1206	90-94	1.250779533234752
1206	95-99	1.1498503992179074
1206	100-104	1.2384831690324312
1206	105-109	1.3014898441546698
1206	110-114	1.4404831769914388
1206	115-119	1.3892192221789514
1206	120-124	1.5876609924627978
1206	125-129	1.819279209193848
1206	130-134	1.9284984796356532
1206	135-139	2.042887777868028
1206	140-144	2.0128860106543414
1206	145-149	2.220507665096399
1206	150	2.4841161902980566
1207	1	0.19715286197180504
1207	2	0.17624071479886894
1207	3	0.25147767530961573
1207	4	0.26273731361938957
1207	5	0.36357657697119095
1207	6	0.3015780857400614
1207	7	0.4258279121161479
1207	8	0.27976505652594597
1207	9	0.30809154387252846
1207	10-14	0.38460644500874963
1207	15-19	0.4250965869529537
1207	20-24	0.39974537040906455
1207	25-29	0.4241504229045674
1207	30-34	0.509964630816313
1207	35-39	0.6621210497275243
1207	40-44	0.6326700547131523
1207	45-49	0.6822872903975963
1207	50-54	0.6881479662793168
1207	55-59	0.7402307188777897
1207	60-64	0.7741720757616086
1207	65-69	0.761256274022621
1207	70-74	0.6403082987717816
1207	75-79	0.6793802248955103
1207	80-84	0.7030727161518229
1207	85-89	0.6663912865521091
1207	90-94	0.7901405415753153
1207	95-99	0.7766023583019965
1207	100-104	0.8496038491678028
1207	105-109	1.0076738338034552
1207	110-114	1.0071920476852867
1207	115-119	0.9726967969776652
1207	120-124	1.0728424477863676
1207	125-129	1.2088936847816143
1207	130-134	1.314460859942784
1207	135-139	1.1753956902549696
1207	140-144	1.446225687324727
1207	145-149	1.4867134906412005
1207	150	1.496141559942135
1208	1	0.1283700705360573
1208	2	0.1764691103186422
1208	3	0.21992131131182902
1208	4	0.1403864123250571
1208	5	0.18537803557101284
1208	6	0.16687476505300936
1208	7	0.13150403433463964
1208	8	0.14500046729409632
1208	9	0.12556472016323283
1208	10-14	0.1902951613170032
1208	15-19	0.14717600051766055
1208	20-24	0.24004169232216555
1208	25-29	0.19814920978738115
1208	30-34	0.42954850847527837
1208	35-39	0.3833161539623333
1208	40-44	0.3136266336954492
1208	45-49	0.3564254291817406
1208	50-54	0.3451846246111927
1208	55-59	0.418016446438358
1208	60-64	0.45575373005316067
1208	65-69	0.6142193910394127
1208	70-74	0.6129471281885799
1208	75-79	0.6884210794419445
1208	80-84	0.7543268492257411
1208	85-89	0.7102746775346063
1208	90-94	0.7469326703372907
1208	95-99	0.9477162136387882
1208	100-104	0.9554095883966234
1208	105-109	1.0692668976595776
1208	110-114	1.0923611114270457
1208	115-119	1.1669934442948176
1208	120-124	1.102150051961619
1208	125-129	1.1416210948989587
1208	130-134	1.1998805801089176
1208	135-139	1.298905383959898
1208	140-144	1.3085915517592248
1208	145-149	1.3099437317056974
1208	150	1.1920524972623703
1209	1	0.2054479733692922
1209	2	0.24434609717743072
1209	3	0.2356223254644938
1209	4	0.252647288354801
1209	5	0.2580497532764596
1209	6	0.10979604879072724
1209	7	0.09836263469662043
1209	8	0.1916939615619171
1209	9	0.07162387312357055
1209	10-14	0.12854249508660587
1209	15-19	0.12347231138357984
1209	20-24	0.22321304548471943
1209	25-29	0.24239041550259088
1209	30-34	0.37037644589591423
1209	35-39	0.1911015033717831
1209	40-44	0.06218978129248143
1209	45-49	0.2346196300327037
1209	50-54	0.25931448722502637
1209	55-59	0.2534878202366784
1209	60-64	0.29739279624995163
1209	65-69	0.28122900917114535
1209	70-74	0.24811073243934345
1209	75-79	0.17153359234762888
1209	80-84	0.31706009750461916
1209	85-89	0.33290680724853416
1209	90-94	0.40141654794021875
1209	95-99	0.4628633959572461
1209	100-104	0.6030418264566393
1209	105-109	0.6460773023505304
1209	110-114	0.601494319434515
1209	115-119	0.7056287237126924
1209	120-124	0.7085980106714231
1209	125-129	0.6896006738294069
1209	130-134	0.5391465003988749
1209	135-139	0.36748648700302056
1209	140-144	0.5824230726015074
1209	145-149	0.5125061998894545
1209	150	0.45644527414578207
1210	1	0.14789281657614595
1210	2	0.11465177303165319
1210	3	0.14822295908602
1210	4	0.0958022031815986
1210	5	0.21490378438866742
1210	6	0.07101343707462604
1210	7	0.044374220506853135
1210	8	0.046931628618317234
1210	9	0.2680183647845098
1210	10-14	0.20080300607340718
1210	15-19	0.16356037481389052
1210	20-24	0.1284880364404728
1210	25-29	0.0936154848418127
1210	30-34	0.15647216285557874
1210	35-39	0.2768620589244293
1210	40-44	0.29276342898108254
1210	45-49	0.34342997088280924
1210	50-54	0.402694852822286
1210	55-59	0.6116707329033346
1210	60-64	0.7056200126145278
1210	65-69	0.7601084008735057
1210	70-74	0.6864743596276632
1210	75-79	0.6609869528748646
1210	80-84	0.6891496853491539
1210	85-89	0.6751928518458428
1210	90-94	0.5289676151612568
1210	95-99	0.7649713934300983
1210	100-104	0.5791962785850444
1210	105-109	0.8694048377541606
1210	110-114	0.8752297962104691
1210	115-119	0.8318398334547865
1210	120-124	0.9626400677262019
1210	125-129	0.8080312743149136
1210	130-134	0.7265865331154515
1210	135-139	0.6507469311410397
1210	140-144	0.6263895774329704
1210	145-149	0.7027830455710244
1210	150	0.7503157657857535
1211	1	-0.20788486821867025
1211	2	-0.1341571769905947
1211	3	-0.236984054536574
1211	4	-0.3532209901829475
1211	5	-0.2698330326279219
1211	6	-0.06786140138218855
1211	7	-0.0768063424049501
1211	8	-0.19042298251279988
1211	9	-0.1503016919939455
1211	10-14	-0.03650181797693364
1211	15-19	0.005685409241124262
1211	20-24	-0.04829092481034536
1211	25-29	0.11364352979848036
1211	30-34	0.017424261328066848
1211	35-39	0.040638779756612564
1211	40-44	0.02047616282147402
1211	45-49	0.07443381614032774
1211	50-54	0.16664384225047257
1211	55-59	0.14831362712168072
1211	60-64	0.06889475785297705
1211	65-69	0.22969087793967446
1211	70-74	0.2747890934256745
1211	75-79	0.30008570078274843
1211	80-84	0.3077652867135292
1211	85-89	0.31791811190389296
1211	90-94	0.2959812907189736
1211	95-99	0.285841581561705
1211	100-104	0.41938372164769433
1211	105-109	0.6549170620714442
1211	110-114	0.5368345556435301
1211	115-119	0.49663149570770315
1211	120-124	0.5429119369662594
1211	125-129	0.5156931882574156
1211	130-134	0.6387419959234428
1211	135-139	0.5169482563248309
1211	140-144	0.5256197314551301
1211	145-149	0.4605252014575498
1211	150	0.6559189309729305
1212	1	-0.022460635896411674
1212	2	-0.03248808076630283
1212	3	0.027840356501179997
1212	4	0.038771529804186855
1212	5	0.04886755842196777
1212	6	0.18920700036341742
1212	7	0.18831116073308607
1212	8	0.150481595378686
1212	9	0.1675633482170369
1212	10-14	0.08124148134259457
1212	15-19	0.14021159290252427
1212	20-24	0.1081418796750313
1212	25-29	0.210267069351616
1212	30-34	0.30722699045441715
1212	35-39	0.09660313002584076
1212	40-44	0.028173290683270125
1212	45-49	0.06131374470673023
1212	50-54	0.17522442170161412
1212	55-59	0.11860266886338877
1212	60-64	0.26559769363967334
1212	65-69	0.22417275751646315
1212	70-74	0.22394206876253975
1212	75-79	0.35087032625279946
1212	80-84	0.3284291181291934
1212	85-89	0.2777066318989263
1212	90-94	0.15635583053314406
1212	95-99	0.19297915501554996
1212	100-104	0.2428341471654818
1212	105-109	0.2493292110431078
1212	110-114	0.3324670395193543
1212	115-119	0.32807200968242967
1212	120-124	0.36683015917445516
1212	125-129	0.07590111104811115
1212	130-134	0.05467035980870705
1212	135-139	-0.12969563365007275
1212	140-144	-0.10665186218344047
1212	145-149	-0.08272427761767887
1212	150	-0.31999064082657824
1213	1	0.28303371734204674
1213	2	0.4097420993719787
1213	3	0.27231761443067626
1213	4	0.4183234319528282
1213	5	0.3861908306757158
1213	6	0.3836695309807183
1213	7	0.3757147549723854
1213	8	0.38413088769257797
1213	9	0.43946150497765046
1213	10-14	0.4505855152309195
1213	15-19	0.4201142376177529
1213	20-24	0.3336557853582178
1213	25-29	0.3726125294638507
1213	30-34	0.30881773395115175
1213	35-39	0.45228351247088483
1213	40-44	0.3878204552881144
1213	45-49	0.31888784634068656
1213	50-54	0.4173551924826242
1213	55-59	0.4438572963398997
1213	60-64	0.3699900176095383
1213	65-69	0.3867203306104372
1213	70-74	0.18650349715680292
1213	75-79	0.25378061754353
1213	80-84	0.3227816783561437
1213	85-89	0.22977368767667627
1213	90-94	0.052346319789961626
1213	95-99	0.057948208281910496
1213	100-104	0.0699659256046985
1213	105-109	0.04216020738452997
1213	110-114	-0.0010574582017852663
1213	115-119	-0.15132699971204389
1213	120-124	-0.18717470083856824
1213	125-129	-0.13944416691052908
1213	130-134	-0.33947136731745076
1213	135-139	-0.4126084634643554
1213	140-144	-0.4842539457105559
1213	145-149	-0.8031558072428275
1213	150	-0.8863444489994592
1214	1	0.29182646308995075
1214	2	0.3107929189598728
1214	3	0.1978340318809586
1214	4	0.39099762649576064
1214	5	0.33042866531936
1214	6	0.4044187216697921
1214	7	0.2786152675359759
1214	8	0.20687814502775836
1214	9	0.38229171668311324
1214	10-14	0.2632951331847764
1214	15-19	0.2974144791264095
1214	20-24	0.17214609931948388
1214	25-29	0.3262216387079775
1214	30-34	0.22379043576503932
1214	35-39	0.17125096660993222
1214	40-44	0.08524504806341326
1214	45-49	0.3657324329497982
1214	50-54	0.4129323082526284
1214	55-59	0.26269612784907537
1214	60-64	0.15094934010066652
1214	65-69	0.009884511536398577
1214	70-74	-0.05414619967275769
1214	75-79	-0.04734217290916476
1214	80-84	-0.10853932904326768
1214	85-89	-0.21542279503232464
1214	90-94	-0.2336056482486839
1214	95-99	-0.31526189782773884
1214	100-104	-0.25512997131735915
1214	105-109	-0.11187623087660015
1214	110-114	-0.3232572102700253
1214	115-119	-0.5216786645802429
1214	120-124	-0.6788437440532
1214	125-129	-0.8910200751372344
1214	130-134	-1.0482418248992822
1214	135-139	-1.3038921847530887
1214	140-144	-1.358770157621553
1214	145-149	-1.908556191344367
1214	150	-2.1734219694249255
1215	1	0.43983299837408296
1215	2	0.45474379811490806
1215	3	0.4471257564056117
1215	4	0.4508456155369771
1215	5	0.36587211652418716
1215	6	0.37281756143818257
1215	7	0.36964518395493684
1215	8	0.30548377405666827
1215	9	0.38322749314640703
1215	10-14	0.224734082790917
1215	15-19	0.2558557888698232
1215	20-24	0.1297846499983848
1215	25-29	0.1357337572552879
1215	30-34	0.03750737861410158
1215	35-39	0.09247608246908356
1215	40-44	0.27067114577715046
1215	45-49	0.2322132355526776
1215	50-54	0.3423967867029063
1215	55-59	0.1923366716022059
1215	60-64	0.008047042910813929
1215	65-69	-0.17735768915493466
1215	70-74	-0.20871491621730343
1215	75-79	-0.4190582941618004
1215	80-84	-0.501530892841167
1215	85-89	-0.6220713220161507
1215	90-94	-0.9333468922331427
1215	95-99	-1.1978019740831343
1215	100-104	-1.1633160707180252
1215	105-109	-1.3688826833763024
1215	110-114	-1.569651885825344
1215	115-119	-1.700618399076518
1215	120-124	-1.9611425896008825
1215	125-129	-2.482572626850171
1215	130-134	-2.9511781418043306
1215	135-139	-3.2743770047438048
1215	140-144	-3.6710597094453874
1215	145-149	-4.181496772428591
1215	150	-4.394493731030758
1216	1	0.40531826150159134
1216	2	0.4634873510338977
1216	3	0.3005999031296298
1216	4	0.3381061954855866
1216	5	0.2843983330498858
1216	6	0.2946085148363693
1216	7	0.3414822051148363
1216	8	0.2713133425833689
1216	9	0.2065555220716675
1216	10-14	0.13121526356899693
1216	15-19	-0.14406548697863997
1216	20-24	-0.39010964674054094
1216	25-29	-0.4005563926633968
1216	30-34	-0.8110362546528336
1216	35-39	-0.751838638526273
1216	40-44	-0.6911681487004913
1216	45-49	-0.7595903113041373
1216	50-54	-0.9338140857699813
1216	55-59	-0.9580242326249646
1216	60-64	-1.3128714496269325
1216	65-69	-1.6392382401398002
1216	70-74	-2.2536140242107194
1216	75-79	-2.614764610376696
1216	80-84	-3.0770610329449006
1216	85-89	-3.646359978040323
1216	90-94	-4.019715646022007
1216	95-99	-4.735229023436986
1216	100-104	-5.027268167462729
1216	105-109	-5.162466454533796
1216	110-114	-5.765685307204638
1216	115-119	-6.538043523928572
1216	120-124	-7.3634983000788345
1216	125-129	-7.9131858573188865
1216	130-134	-8.48341426855202
1216	135-139	-9.102933724622948
1216	140-144	-9.671474980848252
1216	145-149	-10.025107967736657
1216	150	-10.146449505979518
2101	1	0.343313240101665
2101	2	0.20059508926955516
2101	3	0.2881099431210927
2101	4	0.15853743769230988
2101	5	0.2648407105198629
2101	6	0.2577508636607817
2101	7	0.31409514448732523
2101	8	0.36857733959524097
2101	9	0.3474190596310649
2101	10-14	0.4434554173563967
2101	15-19	0.4213437936243807
2101	20-24	0.4524607595772068
2101	25-29	0.466656575916339
2101	30-34	0.4074317128597116
2101	35-39	0.585810276312138
2101	40-44	0.6625060669164
2101	45-49	0.5929636378527903
2101	50-54	0.6521783708965714
2101	55-59	0.6789162660326298
2101	60-64	0.7498198016789708
2101	65-69	0.8940907401902436
2101	70-74	1.0319738839886483
2101	75-79	1.11301358865947
2101	80-84	1.2115522827517538
2101	85-89	1.2518679283616834
2101	90-94	1.3655639010409786
2101	95-99	1.4077907953657451
2101	100-104	1.2703069990747515
2101	105-109	1.1706259892141695
2101	110-114	0.9992438792611722
2101	115-119	1.0453216144126856
2101	120-124	1.3137123234959098
2101	125-129	1.3315278414420533
2101	130-134	1.3341760773291966
2101	135-139	1.4254444867701253
2101	140-144	1.6899277112736542
2101	145-149	2.043050023815706
2101	150	2.253324699527173
2102	1	0.28525545393878105
2102	2	0.3972129618428397
2102	3	0.44102390813696957
2102	4	0.4235681871975814
2102	5	0.36637731086219105
2102	6	0.33646673377792524
2102	7	0.31987996476259184
2102	8	0.39108747277416
2102	9	0.4832406425067859
2102	10-14	0.4172740350444357
2102	15-19	0.3848578273613441
2102	20-24	0.3515462282486652
2102	25-29	0.39970314717947275
2102	30-34	0.5177483866318084
2102	35-39	0.6334679530303191
2102	40-44	0.7759614809291406
2102	45-49	0.8247736272264703
2102	50-54	0.6340947029721349
2102	55-59	0.6460426110252158
2102	60-64	0.8040153672598862
2102	65-69	0.6577357735008817
2102	70-74	0.7389656183689155
2102	75-79	0.7617861536740662
2102	80-84	0.6437825524820227
2102	85-89	1.0491064382594324
2102	90-94	1.1673667160603536
2102	95-99	1.180100014808719
2102	100-104	1.1309944803832508
2102	105-109	1.2223394031887267
2102	110-114	1.2818169590476316
2102	115-119	1.3154999233648788
2102	120-124	1.5696580497441843
2102	125-129	1.7281986069822466
2102	130-134	1.8523482713771884
2102	135-139	1.7836327952769047
2102	140-144	1.7513521148955071
2102	145-149	1.918092735880716
2102	150	1.9996913901613773
2103	1	0.04251261984979493
2103	2	0.13029718531167944
2103	3	-0.04625804068344053
2103	4	0.01083188503820054
2103	5	0.08591258328208085
2103	6	0.024836056762630676
2103	7	0.03792153857339997
2103	8	0.10647785162608159
2103	9	0.24207315614699354
2103	10-14	0.2141377482543092
2103	15-19	0.15170059997334562
2103	20-24	0.0054788341043447986
2103	25-29	0.1334386424534202
2103	30-34	0.17872298895255767
2103	35-39	0.14251755727222815
2103	40-44	0.27964913942449243
2103	45-49	0.3836560909166238
2103	50-54	0.17392218318423147
2103	55-59	0.004962537252833243
2103	60-64	0.1894981537042142
2103	65-69	0.32268908941573216
2103	70-74	0.38999920017173295
2103	75-79	0.3791495594990124
2103	80-84	0.4009859260315487
2103	85-89	0.6683708277161244
2103	90-94	0.7656511239601436
2103	95-99	0.8829279560982037
2103	100-104	0.7803403268444811
2103	105-109	0.6773593832087066
2103	110-114	0.5008488886564813
2103	115-119	0.8177505573462795
2103	120-124	1.0262428111366368
2103	125-129	1.008803578933371
2103	130-134	1.1092615504058507
2103	135-139	1.3283573015398709
2103	140-144	1.5671689903277652
2103	145-149	1.9663223908411354
2103	150	2.127352190899103
2104	1	-0.16869457899421647
2104	2	-0.09762391470746223
2104	3	0.055148661139476474
2104	4	0.054725081405578635
2104	5	-0.0014350621355490034
2104	6	0.11624236896437878
2104	7	0.08743290280651195
2104	8	-0.004344299862019341
2104	9	0.03399512349673728
2104	10-14	0.141050644206814
2104	15-19	0.21420806630075617
2104	20-24	0.29711603919923846
2104	25-29	0.17247414371799863
2104	30-34	0.3255138826588251
2104	35-39	0.394256978633976
2104	40-44	0.3415977534742325
2104	45-49	0.39715527864118627
2104	50-54	0.41621888139892604
2104	55-59	0.30774622804947427
2104	60-64	0.24225194531109295
2104	65-69	0.40531537325984246
2104	70-74	0.5262946820907679
2104	75-79	0.6291307729826201
2104	80-84	0.6576330156461125
2104	85-89	0.8120721949476284
2104	90-94	1.0243502635749593
2104	95-99	1.0876238737153443
2104	100-104	1.058377042710699
2104	105-109	1.0495666548949387
2104	110-114	1.0175844730967079
2104	115-119	1.3427702332153473
2104	120-124	1.2860460355059153
2104	125-129	1.3602023697525425
2104	130-134	1.6246239065636452
2104	135-139	1.837991582781985
2104	140-144	2.1940955738413734
2104	145-149	2.2913636483349897
2104	150	2.4770790325790806
2105	1	-0.07146644020253134
2105	2	-0.2922300488129004
2105	3	-0.13449605940555998
2105	4	0.0736455977000503
2105	5	0.07161692419004595
2105	6	-0.046721592802825285
2105	7	0.010410526062699432
2105	8	-0.20911580903669602
2105	9	0.06639917414437235
2105	10-14	0.14315076709561936
2105	15-19	0.10468210059013217
2105	20-24	0.2751814367146608
2105	25-29	0.2807375036368711
2105	30-34	0.20599600726257705
2105	35-39	0.4151897062971983
2105	40-44	0.3005686525649196
2105	45-49	0.2273009850419001
2105	50-54	0.3202192754182249
2105	55-59	0.24056978006890262
2105	60-64	0.4043611435625536
2105	65-69	0.3869317890083366
2105	70-74	0.4789717041445414
2105	75-79	0.5411218461846197
2105	80-84	0.5263099666472293
2105	85-89	0.7369803190120408
2105	90-94	0.8703550854669331
2105	95-99	0.90185271818914
2105	100-104	1.02073156642372
2105	105-109	1.0007046117110683
2105	110-114	1.0049710108781476
2105	115-119	1.171967257400702
2105	120-124	1.2948560487636982
2105	125-129	1.350827197167245
2105	130-134	1.67618049274164
2105	135-139	1.8439828400749754
2105	140-144	2.078577930981119
2105	145-149	2.2414713415618976
2105	150	2.5537773122972602
2106	1	-0.054947341858103016
2106	2	-7.540189045975865E-4
2106	3	0.08352435099929423
2106	4	-0.024620259859986504
2106	5	0.07411225284020162
2106	6	0.08448299174592933
2106	7	0.031778691287378535
2106	8	-0.007590196560926188
2106	9	-0.021635236539779612
2106	10-14	-0.04101300863163715
2106	15-19	0.3108970776165165
2106	20-24	0.48528425339199543
2106	25-29	0.4702774060528867
2106	30-34	0.5916130774295425
2106	35-39	0.5071344102160822
2106	40-44	0.6006347820951987
2106	45-49	0.71715692245958
2106	50-54	0.6234203853315989
2106	55-59	0.6942899306537171
2106	60-64	0.7347835787428139
2106	65-69	0.7305690168558385
2106	70-74	0.8339546663133355
2106	75-79	0.9674467777303555
2106	80-84	0.9985704917241236
2106	85-89	1.1930680104628593
2106	90-94	1.2380916184197517
2106	95-99	1.1071508891454798
2106	100-104	1.3722464381159085
2106	105-109	1.2503273882635675
2106	110-114	1.3347706750140098
2106	115-119	1.580218382428935
2106	120-124	1.809999257591425
2106	125-129	1.807143280121732
2106	130-134	1.9163225108490103
2106	135-139	2.0758611941398044
2106	140-144	2.2025729387037885
2106	145-149	2.5830260886156324
2106	150	2.3057240185703627
2107	1	-0.18639845521512655
2107	2	-0.16446170309269448
2107	3	-0.3298434931652139
2107	4	-0.23144569335978105
2107	5	-0.14016391035293907
2107	6	-0.10354008666367776
2107	7	-0.043006903559053455
2107	8	-0.12389935199527002
2107	9	-0.09739652780429253
2107	10-14	-0.05575930157585418
2107	15-19	0.07070027516031274
2107	20-24	0.20467027811184835
2107	25-29	0.17162566258024725
2107	30-34	0.15909474591294526
2107	35-39	0.21548112689132637
2107	40-44	0.23441721927618175
2107	45-49	0.28151891386306716
2107	50-54	0.2715661132696283
2107	55-59	0.28084733822124974
2107	60-64	0.3719758977204144
2107	65-69	0.27497180323690884
2107	70-74	0.4561457355490326
2107	75-79	0.5858517668701211
2107	80-84	0.6423731657465481
2107	85-89	0.735851944026674
2107	90-94	0.9047000740458877
2107	95-99	0.9222941700463494
2107	100-104	0.9391837010724728
2107	105-109	0.9968378679045848
2107	110-114	0.95978772017056
2107	115-119	1.1236287461676184
2107	120-124	1.12191773189517
2107	125-129	1.2701789386364908
2107	130-134	1.4240972284522329
2107	135-139	1.7788973818458373
2107	140-144	2.0611918345178353
2107	145-149	2.162263552334135
2107	150	1.8816655656138153
2108	1	-0.5481740102977675
2108	2	-0.7112653708480892
2108	3	-0.7718525854481868
2108	4	-0.5982801416389378
2108	5	-0.5120097548280214
2108	6	-0.6225691122657935
2108	7	-0.8035837762208331
2108	8	-0.8466541163453769
2108	9	-0.7900269363710279
2108	10-14	-0.978257736333795
2108	15-19	-0.6487127359336355
2108	20-24	-0.5654255794711744
2108	25-29	-0.5611701527489501
2108	30-34	-0.8096480948394813
2108	35-39	-0.8182862179954995
2108	40-44	-0.7190582041102331
2108	45-49	-0.7613478693871514
2108	50-54	-0.8744777875294858
2108	55-59	-1.055798972588022
2108	60-64	-1.2180865269089374
2108	65-69	-0.7985410009058143
2108	70-74	-0.33541629892638625
2108	75-79	-0.5204477541503891
2108	80-84	-0.43839147427861747
2108	85-89	-0.7988602210654996
2108	90-94	-0.5918241324612055
2108	95-99	-0.49897878041180377
2108	100-104	-0.3631728286856344
2108	105-109	-0.43078459879354014
2108	110-114	-0.44259730778789574
2108	115-119	-0.4002223661566262
2108	120-124	0.04496213542228489
2108	125-129	-0.02259251134824325
2108	130-134	-0.049935606162598845
2108	135-139	0.33673284483364796
2108	140-144	0.64849792184447
2108	145-149	0.5417474079802673
2108	150	0.6787619259248281
2109	1	0.08379147104304252
2109	2	0.08282896468451284
2109	3	0.12242722757828872
2109	4	0.08515725245570138
2109	5	0.050986492878315914
2109	6	0.053756326697609325
2109	7	-0.03341771661767723
2109	8	0.010879323033250898
2109	9	0.02806391249000484
2109	10-14	0.08735510267785429
2109	15-19	0.23705083598125753
2109	20-24	0.14630926862047033
2109	25-29	0.2490210646245643
2109	30-34	0.31908452141598787
2109	35-39	0.21026131767265355
2109	40-44	0.06476043401173115
2109	45-49	0.023187490408645317
2109	50-54	0.14310663907790655
2109	55-59	0.12674235912511733
2109	60-64	0.1849720656603573
2109	65-69	0.33439213865569783
2109	70-74	0.4457289597193075
2109	75-79	0.45363058299426484
2109	80-84	0.5629177067810005
2109	85-89	0.7493214278065281
2109	90-94	0.7781172780226235
2109	95-99	0.9172792760283102
2109	100-104	0.8598394479399261
2109	105-109	0.889866999671348
2109	110-114	0.8046562513954534
2109	115-119	0.897092744076545
2109	120-124	0.8551997908646385
2109	125-129	1.0438427486102952
2109	130-134	1.221494203963406
2109	135-139	1.455979913067992
2109	140-144	1.63229888235837
2109	145-149	1.7151995792118697
2109	150	1.794713448366842
2110	1	-0.24184040262275275
2110	2	-0.3875597927037049
2110	3	-0.29832021108234485
2110	4	-0.37922096982324405
2110	5	-0.34134077058833867
2110	6	-0.19016342233741312
2110	7	-0.22299856856055555
2110	8	-0.4022574428406429
2110	9	-0.5213706783096796
2110	10-14	-0.4172435729326125
2110	15-19	-0.20997896611039835
2110	20-24	-0.3379770799563957
2110	25-29	-0.2570760330786541
2110	30-34	-0.25688764426397626
2110	35-39	-0.2498296970574998
2110	40-44	-0.30432323045931753
2110	45-49	-0.2913510632156999
2110	50-54	-0.15534896568370016
2110	55-59	-0.19077458893551125
2110	60-64	-0.24060228108240977
2110	65-69	0.03265054281892432
2110	70-74	-0.007401509043450716
2110	75-79	0.018715339932427355
2110	80-84	-0.12904276962177263
2110	85-89	-0.338621298122753
2110	90-94	0.014987075420183515
2110	95-99	0.2607666960214239
2110	100-104	0.2724502749786666
2110	105-109	0.15995354411800378
2110	110-114	0.2518325323978381
2110	115-119	0.4209286405135657
2110	120-124	0.6060272772405533
2110	125-129	0.7045373423498447
2110	130-134	0.906236836010681
2110	135-139	0.7121170255552087
2110	140-144	0.9666120889308338
2110	145-149	0.9911613404430781
2110	150	1.3701189345358813
2111	1	-0.6039925198680152
2111	2	-0.4735790045373598
2111	3	-0.8692838286413576
2111	4	-0.7658746235687559
2111	5	-0.5810062872566988
2111	6	-0.754003209633197
2111	7	-0.629347080052689
2111	8	-0.836889836085497
2111	9	-0.8297068432348169
2111	10-14	-1.0442515022163974
2111	15-19	-1.1683921420650947
2111	20-24	-1.114462921584014
2111	25-29	-1.0485697246228085
2111	30-34	-1.0465629578265947
2111	35-39	-1.2050598744680912
2111	40-44	-1.0726275492775343
2111	45-49	-1.1275131360897035
2111	50-54	-1.4255295757697937
2111	55-59	-1.372699815070149
2111	60-64	-1.000308151034222
2111	65-69	-0.7474182338590083
2111	70-74	-0.6645219910010454
2111	75-79	-1.2597220678341507
2111	80-84	-0.7694606629670737
2111	85-89	-0.5978477403123961
2111	90-94	-0.5219767306360339
2111	95-99	-0.7149515155369315
2111	100-104	-0.5541655305120585
2111	105-109	-0.4874032786127813
2111	110-114	-0.4257126139231211
2111	115-119	-0.469233169456448
2111	120-124	-0.43722030639887777
2111	125-129	-0.10818907131719868
2111	130-134	-0.10543089301962283
2111	135-139	0.04568155732566126
2111	140-144	0.24601591691225266
2111	145-149	0.39838599190926516
2111	150	0.5489370570541041
2112	1	-0.14064709278428822
2112	2	-0.16093824513619026
2112	3	-0.11789257891172511
2112	4	-0.13899564213219406
2112	5	-0.15169545994885425
2112	6	-0.03659890158594692
2112	7	-0.04938077065878588
2112	8	-0.06781651716364934
2112	9	-0.13060232659175597
2112	10-14	-0.0956530167661711
2112	15-19	-0.04037572079687379
2112	20-24	-0.031960407314080896
2112	25-29	0.05454906989626096
2112	30-34	0.08082755381358453
2112	35-39	0.12371987059776757
2112	40-44	0.12168592366549547
2112	45-49	0.2409524810398409
2112	50-54	0.3504528836077938
2112	55-59	0.19008874552100252
2112	60-64	0.26894773504582403
2112	65-69	0.28432566132251225
2112	70-74	0.25238563417171633
2112	75-79	0.21917046805300444
2112	80-84	0.372922657189001
2112	85-89	0.4662509290491883
2112	90-94	0.677756384040336
2112	95-99	0.7306141432628941
2112	100-104	0.6676261327431874
2112	105-109	0.5092689033580449
2112	110-114	0.4628043517471667
2112	115-119	0.7257309586631671
2112	120-124	0.8812772049932356
2112	125-129	0.7929464744107442
2112	130-134	0.9880163024237731
2112	135-139	1.1049187345490097
2112	140-144	1.1230106830759823
2112	145-149	1.157966246305719
2112	150	1.151469473722706
2113	1	-0.26977375598173126
2113	2	-0.30444407677071794
2113	3	-0.2649793277575725
2113	4	-0.3626428843395786
2113	5	-0.2667097108117815
2113	6	-0.2539618593680615
2113	7	-0.21238396695785866
2113	8	-0.21305566669506248
2113	9	-0.19637322188968653
2113	10-14	-0.22093612436137988
2113	15-19	-0.2817212457394689
2113	20-24	-0.3200191628819411
2113	25-29	-0.2380932955082713
2113	30-34	-0.2238496892054016
2113	35-39	-0.20443381911057656
2113	40-44	-0.19655404702117352
2113	45-49	-0.06495512228488565
2113	50-54	-0.09413250460289646
2113	55-59	-0.15382545569067574
2113	60-64	-0.0915320201353289
2113	65-69	0.017399479360236114
2113	70-74	-0.02930415533563746
2113	75-79	0.0060744740493454685
2113	80-84	0.10875725169584882
2113	85-89	0.14259121435290112
2113	90-94	0.11019291160393863
2113	95-99	0.2140573618095445
2113	100-104	0.3369461374218652
2113	105-109	0.26082211612796513
2113	110-114	0.2834419644769852
2113	115-119	0.4329867843300015
2113	120-124	0.43733656687922107
2113	125-129	0.3561114550037914
2113	130-134	0.46316191425604814
2113	135-139	0.38126994074013965
2113	140-144	0.43416061074748313
2113	145-149	0.47041432733274036
2113	150	0.4368982050855834
2114	1	-0.022678579414971978
2114	2	-0.017726257563765557
2114	3	-0.029314514536459058
2114	4	-0.13131028535264022
2114	5	-0.2996342393398237
2114	6	-0.20840955936159133
2114	7	-0.20822734861102532
2114	8	-0.1471962716558579
2114	9	-0.3047804593169019
2114	10-14	-0.19051722329198384
2114	15-19	-0.28103965801704334
2114	20-24	-0.3225258690866539
2114	25-29	-0.5475723870123161
2114	30-34	-0.48323346150848323
2114	35-39	-0.4566554367022917
2114	40-44	-0.23559293821404736
2114	45-49	-0.25129283332957186
2114	50-54	-0.5463136092868126
2114	55-59	-0.5486838223253017
2114	60-64	-0.1956153137148675
2114	65-69	-0.10038502792849258
2114	70-74	-0.34472213347784475
2114	75-79	-0.31425125931818343
2114	80-84	-0.20046734563221236
2114	85-89	-0.41781553883719624
2114	90-94	-0.43288516444046365
2114	95-99	-0.48735267915883895
2114	100-104	-0.45452077144327063
2114	105-109	-0.45421695245871163
2114	110-114	-0.536682223167297
2114	115-119	-0.6462697378885736
2114	120-124	-0.8674313708699373
2114	125-129	-0.7419607059163553
2114	130-134	-0.8219423405581558
2114	135-139	-1.1118272830469316
2114	140-144	-1.216710476700463
2114	145-149	-1.3476845445385983
2114	150	-1.4264643722545145
2115	1	-0.3824163909590901
2115	2	-0.2847316156496831
2115	3	-0.5966233760856596
2115	4	-0.6096519222211612
2115	5	-0.5861411562110703
2115	6	-0.486398376758423
2115	7	-0.466086922231689
2115	8	-0.697901734365729
2115	9	-0.6616427275478145
2115	10-14	-0.5772628778143911
2115	15-19	-0.5632425121773537
2115	20-24	-0.6185512161638442
2115	25-29	-0.8019019448365796
2115	30-34	-0.8366577665757191
2115	35-39	-0.7938128901751824
2115	40-44	-0.5951382146568562
2115	45-49	-0.44549425177428503
2115	50-54	-0.48369781653271104
2115	55-59	-0.6543850054982912
2115	60-64	-0.5696383192362653
2115	65-69	-0.7179567417464305
2115	70-74	-0.8288803864633856
2115	75-79	-0.960915041629864
2115	80-84	-0.9284129270764723
2115	85-89	-1.1873459411724028
2115	90-94	-1.462257502947427
2115	95-99	-1.7305539431055124
2115	100-104	-1.9841121975658922
2115	105-109	-1.8941561636493027
2115	110-114	-1.981930233637918
2115	115-119	-2.4052016923709836
2115	120-124	-2.741709445013722
2115	125-129	-2.927340051467368
2115	130-134	-2.9618981176979666
2115	135-139	-3.0811089317935867
2115	140-144	-3.314859261247374
2115	145-149	-3.5081929076994527
2115	150	-3.6694073953757638
2116	1	-0.14892779970438141
2116	2	-0.053923596476344926
2116	3	-0.1468974503857261
2116	4	-0.15509113603301472
2116	5	-0.37250727337316647
2116	6	-0.26826353966058747
2116	7	-0.29053699392830623
2116	8	-0.3012338473311189
2116	9	-0.44381721982389877
2116	10-14	-0.615516327896259
2116	15-19	-0.8500759285635056
2116	20-24	-1.0310064269654617
2116	25-29	-1.2137408698280225
2116	30-34	-1.3718297876067282
2116	35-39	-1.3319451509406832
2116	40-44	-1.2563232258266126
2116	45-49	-1.251154555578104
2116	50-54	-1.4530423433519886
2116	55-59	-1.811440088161273
2116	60-64	-1.8531409786214006
2116	65-69	-1.8986311984284505
2116	70-74	-2.281218577539107
2116	75-79	-2.730677544468918
2116	80-84	-3.2760710070987074
2116	85-89	-3.7312083379072405
2116	90-94	-3.9807153985585053
2116	95-99	-4.312606907074148
2116	100-104	-4.691495084617451
2116	105-109	-5.016213636199499
2116	110-114	-5.575556523075292
2116	115-119	-5.793856338413434
2116	120-124	-6.37120438218172
2116	125-129	-6.964605850994815
2116	130-134	-7.509592469767341
2116	135-139	-7.980065347708543
2116	140-144	-8.339207974606675
2116	145-149	-8.503956196997843
2116	150	-8.567797357171466
2201	1	0.35528760170271667
2201	2	0.32459181918858704
2201	3	0.3035580627241039
2201	4	0.3242433674257441
2201	5	0.27217529323302614
2201	6	0.3195160244431108
2201	7	0.2861765269200873
2201	8	0.3974942558365768
2201	9	0.5067808715933779
2201	10-14	0.35836686605448875
2201	15-19	0.5958350730736868
2201	20-24	0.7930376838129689
2201	25-29	0.7263617865533405
2201	30-34	0.7809333308266844
2201	35-39	0.7876907335610497
2201	40-44	0.9180530924081651
2201	45-49	0.7029246097979751
2201	50-54	0.6979259600153185
2201	55-59	0.8504208045755988
2201	60-64	0.9061492763971017
2201	65-69	0.9077622095372533
2201	70-74	0.9005655195714724
2201	75-79	0.9386306557503623
2201	80-84	1.0510350957444956
2201	85-89	1.061311512434699
2201	90-94	1.234603706443039
2201	95-99	1.3167656008782807
2201	100-104	1.1606525871771183
2201	105-109	1.2861641766492653
2201	110-114	1.4588029807521927
2201	115-119	1.3565183475455527
2201	120-124	1.5758298415285559
2201	125-129	1.7154711412912071
2201	130-134	1.8444980035434746
2201	135-139	2.0327264830460905
2201	140-144	2.204290798728234
2201	145-149	2.482855506222954
2201	150	2.230347158234366
2202	1	-0.24463313453493996
2202	2	-0.24800336792355537
2202	3	-0.20742094211643902
2202	4	-0.4990720585293431
2202	5	-0.5149966360995322
2202	6	-0.5483314191058071
2202	7	-0.43428861698649257
2202	8	-0.42012177452904353
2202	9	-0.5813785439970474
2202	10-14	-0.6107714472632892
2202	15-19	-0.4094051769479776
2202	20-24	-0.7388482581647864
2202	25-29	-0.4992301647666366
2202	30-34	-0.7443679542394932
2202	35-39	-0.48611535845307685
2202	40-44	-0.5855239623880166
2202	45-49	-0.7397408338307798
2202	50-54	-1.0998203784175828
2202	55-59	-0.5777304509370822
2202	60-64	-0.6586761923935178
2202	65-69	-0.3844439424602655
2202	70-74	-0.7443335262447377
2202	75-79	-0.6041867133354124
2202	80-84	-0.4246440749267393
2202	85-89	-0.36980124757040045
2202	90-94	-0.6995225371654676
2202	95-99	-0.14234300313496107
2202	100-104	-0.1061109098154347
2202	105-109	-0.7968733976848554
2202	110-114	-0.1668445525770501
2202	115-119	-0.26022663833984794
2202	120-124	-0.5595461988083237
2202	125-129	0.2168623858588603
2202	130-134	0.40611981412645193
2202	135-139	0.6103246741963986
2202	140-144	0.33012176826816386
2202	145-149	0.20406234082362573
2202	150	-0.10830152120603742
2203	1	0.11077110800948375
2203	2	0.03106649363215297
2203	3	0.22478601758714944
2203	4	0.23882689637830623
2203	5	0.21129214373574
2203	6	0.23078571754644628
2203	7	0.2990693533556552
2203	8	0.3507413510060218
2203	9	0.3145303390487797
2203	10-14	0.45309956272776475
2203	15-19	0.5091392798538052
2203	20-24	0.4992382151608368
2203	25-29	0.557167700974297
2203	30-34	0.020567242088276316
2203	35-39	0.2325721744969229
2203	40-44	0.5818518062001985
2203	45-49	0.49443825159292487
2203	50-54	0.1606248242270354
2203	55-59	0.41403356502534194
2203	60-64	0.49074228712900947
2203	65-69	0.3140238661421826
2203	70-74	0.3602076790605224
2203	75-79	0.7921736560799211
2203	80-84	0.9872939722549106
2203	85-89	1.0555485053666338
2203	90-94	1.1838243410042182
2203	95-99	1.3198318426139437
2203	100-104	1.3259301639657224
2203	105-109	0.8534823428179088
2203	110-114	1.1815691563915713
2203	115-119	1.5578950282599884
2203	120-124	1.693726985395692
2203	125-129	1.7187604533927185
2203	130-134	1.7800179640698168
2203	135-139	2.0029116815282677
2203	140-144	1.545871586249845
2203	145-149	2.3363571549478834
2203	150	2.3024276447324965
2204	1	-0.10382190760642374
2204	2	-0.009480425156013439
2204	3	-0.001272541394207849
2204	4	-0.5529077082895668
2204	5	-0.1319011389837783
2204	6	-0.08089885882882442
2204	7	-0.039922612081781494
2204	8	0.01236049235907899
2204	9	0.015784264479670185
2204	10-14	0.037435987240144186
2204	15-19	0.07401810438335588
2204	20-24	0.1334414230859835
2204	25-29	0.04738657307833449
2204	30-34	-0.10273567111109827
2204	35-39	-0.03493900175122633
2204	40-44	0.16113029121853373
2204	45-49	0.216403099040825
2204	50-54	0.20823912767925634
2204	55-59	0.2187057999263473
2204	60-64	-0.1446610768747547
2204	65-69	0.1388734862704304
2204	70-74	0.24576075249524365
2204	75-79	0.430785883847431
2204	80-84	0.3145150755859234
2204	85-89	0.45713631031663127
2204	90-94	0.5818474122130795
2204	95-99	0.5869378714858016
2204	100-104	0.6508686175001515
2204	105-109	0.2234434438426085
2204	110-114	0.49246864658838874
2204	115-119	0.7385366535157587
2204	120-124	0.9270077338221618
2204	125-129	1.0881060227176356
2204	130-134	0.7831739970984124
2204	135-139	1.6095687564218721
2204	140-144	1.649530785099902
2204	145-149	1.556011529305934
2204	150	1.7780175655936645
2205	1	-0.04577601459268621
2205	2	-0.03023459060471012
2205	3	-0.04568937857631994
2205	4	0.03257168370107877
2205	5	-0.07026445646139479
2205	6	-0.10539594899385207
2205	7	0.06001028898382543
2205	8	0.06360813393119003
2205	9	0.07725685356845702
2205	10-14	0.11132838978060278
2205	15-19	0.09584638425898362
2205	20-24	0.2948679065703459
2205	25-29	0.2737527339563357
2205	30-34	0.34977794797954687
2205	35-39	0.3835267578618513
2205	40-44	0.07180858836715487
2205	45-49	0.4078426037045446
2205	50-54	0.4229472140973769
2205	55-59	0.5910553255833904
2205	60-64	0.47391841875385055
2205	65-69	0.5287004906019597
2205	70-74	0.5259268389665053
2205	75-79	0.7188618052951767
2205	80-84	0.5739843960929569
2205	85-89	0.7713616830146783
2205	90-94	0.9189528571919539
2205	95-99	1.0115431171609117
2205	100-104	1.2372865973571834
2205	105-109	1.1540654044601872
2205	110-114	1.164183456186855
2205	115-119	1.27219254892114
2205	120-124	1.5998153924015277
2205	125-129	1.6545129744329792
2205	130-134	1.7047211257954906
2205	135-139	1.7765571436558005
2205	140-144	1.8669179127340314
2205	145-149	2.2366702946855455
2205	150	2.3179367811340406
2206	1	-0.2668844326370383
2206	2	-0.5544721914439847
2206	3	-0.3177256988020538
2206	4	-0.47144018187067616
2206	5	-0.3495225622451983
2206	6	-0.30318957092016063
2206	7	-0.19632075652169334
2206	8	-0.2548762431756231
2206	9	-0.36521156684374745
2206	10-14	-0.2325336433495977
2206	15-19	-0.7013699420837014
2206	20-24	-0.39502175808254947
2206	25-29	-0.10766218943377481
2206	30-34	-0.1787139602135568
2206	35-39	-0.16021333086683143
2206	40-44	-0.2655277749403311
2206	45-49	-0.6621360856233593
2206	50-54	-0.346752792151122
2206	55-59	-0.3864049553359976
2206	60-64	-0.1672123952283222
2206	65-69	-0.4746838611819868
2206	70-74	-0.06978106670088735
2206	75-79	0.0887679462547446
2206	80-84	-0.23659733921402548
2206	85-89	0.25341428222604634
2206	90-94	0.45387943732237446
2206	95-99	0.44923617113150627
2206	100-104	0.410094245520618
2206	105-109	0.5864719976138026
2206	110-114	0.663050175691712
2206	115-119	0.6494950716706143
2206	120-124	0.6769488439082387
2206	125-129	0.7201229430918197
2206	130-134	1.1109460454693902
2206	135-139	1.261247102974778
2206	140-144	1.5020592768143715
2206	145-149	1.6859636880483215
2206	150	1.7580618497853209
2207	1	-0.19033700915368001
2207	2	-0.2693177296878524
2207	3	-0.2330242659112045
2207	4	-0.1717406706112783
2207	5	-0.27353139154650563
2207	6	-0.30393730662611773
2207	7	-0.26320084331821647
2207	8	-0.148481291794603
2207	9	-0.5650790933129457
2207	10-14	-0.14897110870070662
2207	15-19	-0.11962935212584114
2207	20-24	-0.14053224882980686
2207	25-29	-0.05553383805751366
2207	30-34	-0.33174850536508416
2207	35-39	-0.30236926530689345
2207	40-44	-0.5316667241990629
2207	45-49	-0.4663044613516263
2207	50-54	-0.5398563459789116
2207	55-59	-0.3838991139165131
2207	60-64	-0.28420335845883926
2207	65-69	-0.40534697708186584
2207	70-74	-0.34985334045003924
2207	75-79	-0.2569084850205705
2207	80-84	0.20954984074931104
2207	85-89	0.20713479878778784
2207	90-94	0.35866042235406326
2207	95-99	0.2452826099913139
2207	100-104	0.3548270367158075
2207	105-109	0.42333007917940435
2207	110-114	0.41792224265291367
2207	115-119	0.2437691541341067
2207	120-124	0.3264898290759639
2207	125-129	0.663216089499727
2207	130-134	0.7949570514859694
2207	135-139	1.0869428185869268
2207	140-144	1.2677118662552616
2207	145-149	1.4168709021588803
2207	150	1.3921544826244698
2208	1	-0.0885462777781747
2208	2	-0.14342532144249986
2208	3	-0.09183596555335427
2208	4	-0.12082386346609297
2208	5	-0.13657223382610795
2208	6	-0.1333505500532013
2208	7	-0.23726555215800715
2208	8	-0.023870934831300872
2208	9	0.01733743287520184
2208	10-14	0.08464850505730936
2208	15-19	0.21952570657939674
2208	20-24	0.14084532784188042
2208	25-29	0.21915370815252544
2208	30-34	0.2713038709398816
2208	35-39	0.17950427445591544
2208	40-44	0.19496859357812468
2208	45-49	0.29677689788891115
2208	50-54	0.3307289318728053
2208	55-59	0.20721643335820517
2208	60-64	0.1968956271384137
2208	65-69	0.25983209605567836
2208	70-74	0.28885041254437027
2208	75-79	0.12538501156357995
2208	80-84	0.23809152589999272
2208	85-89	0.3018031216221999
2208	90-94	0.5019683216827246
2208	95-99	0.610627004159241
2208	100-104	0.5115643862559267
2208	105-109	0.55623014720058
2208	110-114	0.6999344864644641
2208	115-119	0.7087565850038935
2208	120-124	0.8069804687707567
2208	125-129	0.6045383619984719
2208	130-134	0.8904942708986177
2208	135-139	0.5914103310821233
2208	140-144	1.043229566548046
2208	145-149	1.2952162131339477
2208	150	1.4593431378754111
2209	1	-0.12657946190989477
2209	2	-0.19102830759108969
2209	3	-0.1396148720430972
2209	4	-0.07236993431393302
2209	5	-0.026197430909796537
2209	6	-0.536172859045152
2209	7	-0.2226848862884978
2209	8	-0.13441989447632352
2209	9	-0.17191670015055394
2209	10-14	-0.1833822276531123
2209	15-19	-0.1145540757202852
2209	20-24	-0.07483045317388815
2209	25-29	0.01712043936740315
2209	30-34	0.005290622683219226
2209	35-39	-0.21134636873354395
2209	40-44	-0.09800640897910995
2209	45-49	0.033616733661318676
2209	50-54	0.1266868203348963
2209	55-59	0.03967298676568376
2209	60-64	-0.1650333592429689
2209	65-69	-0.024271935915084697
2209	70-74	0.012007790264306095
2209	75-79	0.17754340865150553
2209	80-84	0.2754229686407861
2209	85-89	0.24132832188039188
2209	90-94	0.3352282887384419
2209	95-99	0.6673923096698182
2209	100-104	0.4505131497872412
2209	105-109	0.4425843722869125
2209	110-114	0.3607184474674696
2209	115-119	0.3512297516405809
2209	120-124	0.13618597900147122
2209	125-129	0.6171410483329431
2209	130-134	0.8009242748843839
2209	135-139	0.5626767635410594
2209	140-144	1.0199333043482568
2209	145-149	1.2947321896990651
2209	150	1.3216102969426693
2210	1	-0.14551763422959496
2210	2	-0.022823153873904545
2210	3	-0.06391879314081095
2210	4	-0.2078308457066882
2210	5	-0.1618513322224686
2210	6	-0.1409838261333718
2210	7	-0.20212617046343695
2210	8	-0.23115873651393315
2210	9	-0.3632031623794276
2210	10-14	-0.542185026836087
2210	15-19	-0.3479524252133146
2210	20-24	-0.1825496496953818
2210	25-29	-0.14756006081672268
2210	30-34	-0.12324157890004273
2210	35-39	-0.14189601546191
2210	40-44	-0.3934943904246282
2210	45-49	-0.20914108371703577
2210	50-54	-0.19975508598236047
2210	55-59	0.022872456572343935
2210	60-64	0.1426733715592512
2210	65-69	0.18797523299426544
2210	70-74	0.1257468999145992
2210	75-79	0.15349732208680678
2210	80-84	0.06854555126334816
2210	85-89	0.2003832373765455
2210	90-94	0.2927085208524183
2210	95-99	0.3013065569576696
2210	100-104	0.05184280744885683
2210	105-109	0.012437917240124108
2210	110-114	0.1773015137599323
2210	115-119	0.18894146873050488
2210	120-124	0.008015569188085436
2210	125-129	0.30938777122115013
2210	130-134	0.5279362305384474
2210	135-139	0.5968206545380639
2210	140-144	0.8113312718641943
2210	145-149	0.7957090331959655
2210	150	0.8556142630999588
2211	1	-1.68199097633617
2211	2	-1.3271305546327063
2211	3	-1.438411574609244
2211	4	-1.5952558537395447
2211	5	-1.6355911285563849
2211	6	-1.745353819023883
2211	7	-1.428874222812894
2211	8	-1.4999131799436825
2211	9	-1.9446530384034446
2211	10-14	-2.3317102425447516
2211	15-19	-2.3797681429985715
2211	20-24	-1.923291429107934
2211	25-29	-2.6091991989785583
2211	30-34	-2.205592238638417
2211	35-39	-2.337609498636482
2211	40-44	-2.010511395018206
2211	45-49	-1.9874742116916906
2211	50-54	-1.73502372347577
2211	55-59	-1.6989555200818103
2211	60-64	-1.8132683014049142
2211	65-69	-1.857213034173295
2211	70-74	-1.6587972888475129
2211	75-79	-1.6583394526701234
2211	80-84	-1.8304672055381808
2211	85-89	-1.8520701623637237
2211	90-94	-1.7369828533969098
2211	95-99	-1.9081661267083163
2211	100-104	-1.4882882064153904
2211	105-109	-1.6579873601954738
2211	110-114	-1.6507693865971547
2211	115-119	-1.5739430977145616
2211	120-124	-1.3641763398391085
2211	125-129	-1.5022679398335193
2211	130-134	-1.4381529754812554
2211	135-139	-1.2067521687817688
2211	140-144	-1.0603618691659022
2211	145-149	-1.0563215265620691
2211	150	-1.2190757820361888
2212	1	-1.4656145872349988
2212	2	-1.552784859650309
2212	3	-1.633745170136784
2212	4	-1.4509103327248667
2212	5	-2.2547299697077037
2212	6	-2.0997356930787063
2212	7	-3.3840391690630796
2212	8	-2.1105409610972643
2212	9	-2.810545983639649
2212	10-14	-2.378524986805992
2212	15-19	-2.377944712777648
2212	20-24	-2.4855809747663855
2212	25-29	-2.380479520620021
2212	30-34	-2.423229054929749
2212	35-39	-2.546748209312007
2212	40-44	-3.032410793214158
2212	45-49	-2.7528261483873244
2212	50-54	-2.926832142767797
2212	55-59	-2.520631680415434
2212	60-64	-2.726401217712773
2212	65-69	-3.069048151297064
2212	70-74	-2.92630353615257
2212	75-79	-2.8143276079537145
2212	80-84	-3.3948562619745495
2212	85-89	-3.6919957228193674
2212	90-94	-4.4104996543293815
2212	95-99	-4.017728013860427
2212	100-104	-3.6822042756893367
2212	105-109	-3.806318854441489
2212	110-114	-3.5720218423379
2212	115-119	-3.4956521255208166
2212	120-124	-3.3211984846871196
2212	125-129	-3.4857462876869505
2212	130-134	-3.4964320370993818
2212	135-139	-3.420082103531449
2212	140-144	-3.5220684676372223
2212	145-149	-3.6536523025699346
2212	150	-3.687899834813024
2213	1	-0.05999316698887469
2213	2	-0.17417978083911478
2213	3	-0.13750964706070334
2213	4	-0.10922424034427536
2213	5	-0.3280635294757417
2213	6	-0.20690783350636366
2213	7	-0.12158436662139849
2213	8	-0.24441541378075016
2213	9	-0.18320208653157977
2213	10-14	-0.5889089843080555
2213	15-19	-0.36334563329429415
2213	20-24	-0.2763416642719747
2213	25-29	-0.1531938410656437
2213	30-34	-0.13039922895077893
2213	35-39	-0.04037454914998051
2213	40-44	-0.008191158703603207
2213	45-49	0.02687761543413103
2213	50-54	0.11832739835632111
2213	55-59	0.13898339250845737
2213	60-64	0.11596012678498013
2213	65-69	0.23914324323084557
2213	70-74	-0.057001765433199125
2213	75-79	0.033413646303856126
2213	80-84	0.08996522405681517
2213	85-89	0.14580141313917494
2213	90-94	0.05330994268835454
2213	95-99	-0.026065816299727373
2213	100-104	-0.036276227103602565
2213	105-109	-0.027362444313428824
2213	110-114	-0.2064021382284693
2213	115-119	-0.2152008888298127
2213	120-124	-0.0688567923379857
2213	125-129	-0.18104204716085803
2213	130-134	-0.0952822255168897
2213	135-139	-0.11986156804913506
2213	140-144	-0.09354317726451455
2213	145-149	-0.036083472379274895
2213	150	0.12952884421459387
2214	1	-0.512339959122734
2214	2	-0.6823917554737413
2214	3	-0.5005429995316355
2214	4	-1.0517118293959982
2214	5	-0.7140941244821235
2214	6	-0.7002761843209271
2214	7	-0.6372582360196759
2214	8	-0.5586428816172102
2214	9	-0.754351214788457
2214	10-14	-0.6404967958196224
2214	15-19	-0.8300437964385807
2214	20-24	-0.7767961920429087
2214	25-29	-0.9838099498929509
2214	30-34	-1.0346680528609085
2214	35-39	-1.2101124072873262
2214	40-44	-1.3195123249260163
2214	45-49	-0.9397887172087565
2214	50-54	-0.7376873285556513
2214	55-59	-0.8137268567950997
2214	60-64	-0.8928570399938742
2214	65-69	-0.9088355788755571
2214	70-74	-0.9364936681073139
2214	75-79	-1.2380005003498695
2214	80-84	-1.3163587892271167
2214	85-89	-1.1000712907911776
2214	90-94	-1.152886335972358
2214	95-99	-1.2050250296383567
2214	100-104	-1.3584523016482777
2214	105-109	-1.298559613049271
2214	110-114	-1.3237700387003812
2214	115-119	-1.4921049717400194
2214	120-124	-1.4876268263966281
2214	125-129	-1.684902910144693
2214	130-134	-1.8907698393256709
2214	135-139	-2.0511722302060846
2214	140-144	-2.557291360273389
2214	145-149	-2.689212882229988
2214	150	-2.5840172740557605
2215	1	-0.34984026717178907
2215	2	-0.2547031913109379
2215	3	-0.2906107937947624
2215	4	-0.4327333083365872
2215	5	-0.19284255343193024
2215	6	-0.3486229290345122
2215	7	-0.2746208314708767
2215	8	-0.28726016968239065
2215	9	-0.1778192134788128
2215	10-14	-0.49738271909252063
2215	15-19	-0.8311932008183973
2215	20-24	-0.7554277383787564
2215	25-29	-0.8802109980812034
2215	30-34	-1.0273573739442554
2215	35-39	-1.2532358135001829
2215	40-44	-1.3820449927951586
2215	45-49	-2.2182948142330616
2215	50-54	-1.4770993010436477
2215	55-59	-1.3977935033554516
2215	60-64	-1.5493383334948057
2215	65-69	-1.9466772639567083
2215	70-74	-1.7292127379282505
2215	75-79	-1.6621458549114045
2215	80-84	-2.1040390566019624
2215	85-89	-2.5379798665248963
2215	90-94	-2.6758635685065606
2215	95-99	-2.6277723108853834
2215	100-104	-2.7207217489319895
2215	105-109	-2.655814373727427
2215	110-114	-2.6256996579986875
2215	115-119	-2.696733511517074
2215	120-124	-3.06659047895484
2215	125-129	-3.0509270940493955
2215	130-134	-3.481932175898308
2215	135-139	-3.678231083418659
2215	140-144	-4.3229693557130915
2215	145-149	-4.931101510466998
2215	150	-4.907443554102279
2216	1	-0.23291947391543388
2216	2	-0.03546853749244505
2216	3	-0.2029677261946965
2216	4	-0.2870995260783218
2216	5	-0.16224524509807736
2216	6	-0.4060403727168165
2216	7	-0.21693735238702772
2216	8	-0.21764865199750716
2216	9	-0.392163995359212
2216	10-14	-0.5388911869051825
2216	15-19	-0.929382453223603
2216	20-24	-1.047513714899381
2216	25-29	-1.5066127162461314
2216	30-34	-1.7142247600051803
2216	35-39	-1.740138984854056
2216	40-44	-1.6417935422547885
2216	45-49	-1.7791439968804887
2216	50-54	-1.6523399983389133
2216	55-59	-1.7663688955516648
2216	60-64	-2.021123925441234
2216	65-69	-2.2179574474975965
2216	70-74	-2.562363809544742
2216	75-79	-2.977237419352594
2216	80-84	-3.2360189250203817
2216	85-89	-3.6305815514942523
2216	90-94	-4.071836545901796
2216	95-99	-4.649761313970693
2216	100-104	-4.77512210395976
2216	105-109	-4.922629576826619
2216	110-114	-5.420017624452331
2216	115-119	-6.070600124191891
2216	120-124	-6.830408016338112
2216	125-129	-7.032746340651261
2216	130-134	-7.540409994313844
2216	135-139	-8.147900045915907
2216	140-144	-8.63415685063664
2216	145-149	-9.019846623832217
2216	150	-9.29678724712097
>>END_MODULE
>>Per sequence quality scores	pass
#Quality	Count
2	50471.0
3	10013.0
4	9016.0
5	8527.0
6	8694.0
7	10009.0
8	10751.0
9	11124.0
10	10866.0
11	10817.0
12	10510.0
13	10313.0
14	10409.0
15	10423.0
16	10743.0
17	11204.0
18	11429.0
19	12612.0
20	13432.0
21	15168.0
22	17255.0
23	19558.0
24	22494.0
25	26749.0
26	30757.0
27	36310.0
28	41598.0
29	49003.0
30	56974.0
31	68487.0
32	85816.0
33	111021.0
34	155008.0
35	241053.0
36	277295.0
37	56853.0
38	497.0
>>END_MODULE
>>Per base sequence content	fail
#Base	G	A	T	C
1	44.470351896068955	19.600465432128992	12.533100187744909	23.396082484057146
2	17.76149996907918	18.345581414524542	37.592504792727425	26.300413823668862
3	21.888137204757125	24.109649399690536	28.953674584472992	25.048538811079347
4	14.75946397386734	17.036795592851526	36.49611855806574	31.70762187521539
5	15.058779875502232	33.19251158107526	35.033243854187	16.71546468923551
6	30.883689649241365	34.81071247506154	18.59840844773729	15.707189427959811
7	25.50214334583565	29.364933135598353	22.411524977355395	22.721398541210608
8	25.189401260098183	33.63908108177754	19.474314869931582	21.697202788192698
9	23.719167041414703	16.571229401206324	20.6439567207893	39.06564683658967
10-14	26.773668249990113	21.18937009705475	25.062166095229554	26.974795557725585
15-19	25.627015518647784	25.77061910778376	23.67553012627243	24.926835247296026
20-24	25.424647595543615	24.550729921267354	24.598956470801472	25.42566601238756
25-29	25.508102027199087	24.45746556598148	24.547527487581835	25.486904919237602
30-34	25.463224906684516	24.599569951925186	24.45191822175276	25.485286919637538
35-39	25.513380066298158	24.557771568951583	24.45489955988626	25.473948804864
40-44	25.373573704454927	24.50774509589013	24.51510786914121	25.60357333051373
45-49	25.369400131788154	24.437418035376478	24.625016280092378	25.56816555274299
50-54	25.285004882260914	24.49662161987898	24.637789370031015	25.58058412782909
55-59	25.31633131118057	24.422681897354696	24.567821425379776	25.693165366084962
60-64	25.255924947336023	24.436575704798564	24.598413394915298	25.70908595295012
65-69	25.43598927263814	24.444077088664756	24.399396940499454	25.720536698197655
70-74	25.40324587817318	24.48260031336845	24.431790778198327	25.682363030260046
75-79	25.530247156141982	24.51627621638791	24.33263302170304	25.620843605767067
80-84	25.502739919990773	24.60150780065422	24.394044004298866	25.50170827505614
85-89	25.637664073100947	24.44830093375072	24.337175751626383	25.576859241521948
90-94	25.764908227004906	24.360320596104675	24.318367005829135	25.55640417106128
95-99	25.742075448335637	24.34529582929195	24.341258744866582	25.57136997750583
100-104	25.655802072170474	24.331995639165168	24.40885973869044	25.603342549973917
105-109	25.488591491230196	24.507951463078495	24.495064938281416	25.508392107409893
110-114	25.439284709019596	24.794241098529753	24.307930021978745	25.458544170471903
115-119	25.31920375127219	24.934240885868704	24.320377346173856	25.426178016685252
120-124	25.307312171884266	25.06795185597458	24.230171398138786	25.39456457400237
125-129	25.260594606757348	25.286205077814543	24.160853885360048	25.292346430068065
130-134	25.337693555275425	25.28038016249547	24.065160760066938	25.316765522162164
135-139	25.372034608878717	25.375389032505524	24.033284139420683	25.219292219195072
140-144	25.40281490194854	25.486206407651586	23.90473500942863	25.20624368097124
145-149	25.48269974892621	25.47999059795606	23.8576090891241	25.179700563993627
150	25.472960813062357	25.592874093635565	23.88048148504116	25.053683608260926
>>END_MODULE
>>Per sequence GC content	warn
#GC Content	Count
0	454.0
1	343.0
2	211.5
3	178.0
4	139.5
5	105.5
6	95.0
7	105.0
8	107.5
9	93.5
10	80.5
11	70.0
12	64.0
13	54.0
14	48.0
15	46.5
16	56.0
17	62.0
18	62.5
19	82.5
20	115.5
21	184.5
22	261.5
23	414.5
24	623.5
25	872.0
26	1227.0
27	1703.0
28	2317.5
29	3089.5
30	3838.5
31	4474.5
32	5394.5
33	6365.5
34	7395.5
35	8712.0
36	10197.0
37	11834.0
38	13575.0
39	15834.5
40	18886.5
41	22421.5
42	26461.0
43	31226.5
44	36570.0
45	43024.0
46	50228.0
47	58383.0
48	67656.0
49	76758.0
50	85421.0
51	92469.0
52	97447.5
53	100296.5
54	99224.5
55	93858.5
56	85940.5
57	76719.5
58	66288.0
59	54916.5
60	43940.5
61	34412.5
62	26095.0
63	19100.5
64	13825.0
65	9851.0
66	6802.0
67	4524.0
68	2961.0
69	2014.0
70	1405.0
71	1000.5
72	668.0
73	449.5
74	318.0
75	229.0
76	168.0
77	112.5
78	92.5
79	76.0
80	56.0
81	46.0
82	33.0
83	25.0
84	24.0
85	19.0
86	14.0
87	10.5
88	9.5
89	8.5
90	12.5
91	11.0
92	6.5
93	7.5
94	6.5
95	7.0
96	7.5
97	6.5
98	6.5
99	7.5
100	18.5
>>END_MODULE
>>Per base N content	pass
#Base	N-Count
1	0.07423102006812772
2	0.05839335229990619
3	0.05749202161390985
4	0.05614002558491533
5	0.060646679014897065
6	0.06038915596175526
7	0.06521771320816425
8	0.06431638252216791
9	0.07114074343042597
10-14	0.07772045743819929
15-19	0.09574707115812624
20-24	0.1179069298809793
25-29	0.13545712595259388
30-34	0.14013116936711778
35-39	0.14198533534973884
40-44	0.14247462915070827
45-49	0.14711004410726095
50-54	0.15053510071404705
55-59	0.15049647225607576
60-64	0.14156042231205485
65-69	0.14386525363767408
70-74	0.152518028223239
75-79	0.15616197942519566
80-84	0.15050934840873287
85-89	0.15421768037397499
90-94	0.1608102705344054
95-99	0.1696433112571696
100-104	0.17577235992194476
105-109	0.1804077748784974
110-114	0.1836268130427701
115-119	0.19182892228533682
120-124	0.19596216728826293
125-129	0.20034005919167377
130-134	0.20505273106416894
135-139	0.1974686771491425
140-144	0.19193193150659357
145-149	0.19042542164571394
150	0.19133962848436736
>>END_MODULE
>>Sequence Length Distribution	pass
#Length	Count
150	1553259.0
>>END_MODULE
>>Sequence Duplication Levels	pass
#Total Deduplicated Percentage	75.97643275475586
#Duplication Level	Percentage of total
1	61.098431554254226
2	19.93335484774506
3	8.947382634155382
4	4.188711798316486
5	2.1790187100361615
6	1.1307630753956521
7	0.6894294469556738
8	0.42095871505928106
9	0.2831620020670801
>10	1.0810209433553646
>50	0.024932869648783388
>100	0.02283340301085918
>500	0.0
>1k	0.0
>5k	0.0
>10k+	0.0
>>END_MODULE
>>Overrepresented sequences	pass
>>END_MODULE
>>Adapter Content	warn
#Position	Illumina Universal Adapter	Illumina Small RNA 3' Adapter	Illumina Small RNA 5' Adapter	Nextera Transposase Sequence	PolyA	PolyG
1	0.0	0.0	0.0	0.0	1.2876152657090672E-4	7.725691594254403E-4
2	0.0	0.0	0.0	0.0	1.9314228985636007E-4	8.369499227108937E-4
3	0.0	0.0	0.0	0.0	2.5752305314181344E-4	0.0011588537391381605
4	0.0	0.0	0.0	0.0	2.5752305314181344E-4	0.0012876152657090671
5	0.0	0.0	0.0	0.0	3.8628457971272013E-4	0.0014163767922799738
6	0.0	0.0	0.0	0.0	3.8628457971272013E-4	0.0014807575555654273
7	0.0	0.0	0.0	0.0	3.8628457971272013E-4	0.0018670421352781474
8	0.0	0.0	0.0	6.438076328545336E-5	3.8628457971272013E-4	0.002639611294703588
9	0.0	0.0	0.0	1.2876152657090672E-4	3.8628457971272013E-4	0.003025895874416308
10-11	0.0	0.0	0.0	1.609519082136334E-4	4.5066534299817353E-4	0.0038306554154844746
12-13	0.0	0.0	0.0	2.2533267149908677E-4	5.472364879263536E-4	0.0052470322077644484
14-15	0.0	0.0	0.0	2.5752305314181344E-4	8.369499227108936E-4	0.006405885946902609
16-17	0.0	0.0	0.0	2.897134347845401E-4	0.001191044120780887	0.00775788197589713
18-19	0.0	0.0	0.0	3.219038164272668E-4	0.0013841864106372472	0.008594831898608022
20-21	0.0	0.0	0.0	4.828557246409002E-4	0.0017704709903499675	0.009560543347889824
22-23	0.0	0.0	0.0	5.472364879263536E-4	0.0021889459517054144	0.010333112507315265
24-25	0.0	0.0	0.0	0.0010622825942099804	0.0028327535845599477	0.011202252811668884
26-27	0.0	0.0	0.0	0.0021889459517054144	0.003283418927558121	0.013004914183661578
28-29	0.0	0.0	0.0	0.012522058459020678	0.004120368850269015	0.01455005250251246
30-31	0.0	0.0	0.0	0.03759836575870476	0.004667605338195368	0.016352713874505154
32-33	0.0	0.0	0.0	0.09341648752719282	0.0051504610628362694	0.018090994483212393
34-35	0.0	0.0	0.0	0.17540538957121768	0.005697697550762623	0.01976489432863418
36-37	0.0	0.0	0.0	0.2854321140260575	0.006180553275403523	0.02114908073927143
38-39	0.0	0.0	0.0	0.4284861700463348	0.006663409000044423	0.023209265164405933
40-41	0.0	0.0	0.0	0.5603379732549434	0.00708188396139987	0.025205068826254992
42-43	0.0	0.0	0.0	0.6998832776761634	0.007532549304398043	0.026878968671676776
44-45	3.219038164272668E-5	0.0	0.0	0.8580668130685224	0.008144166555609851	0.028552868517098567
46-47	6.438076328545336E-5	0.0	3.219038164272668E-5	1.04197046339342	0.008659212661893477	0.02996924530937854
48-49	6.438076328545336E-5	0.0	6.438076328545336E-5	1.2257131618101038	0.008981116478320745	0.03151438362822942
50-51	6.438076328545336E-5	0.0	6.438076328545336E-5	1.3942941904730635	0.00949616258460437	0.03322047385529393
52-53	6.438076328545336E-5	3.219038164272668E-5	6.438076328545336E-5	1.5538619122760595	0.009818066401031639	0.03460466026593118
54-55	6.438076328545336E-5	6.438076328545336E-5	6.438076328545336E-5	1.72327989086173	0.010204350980744358	0.036310750492995696
56-57	6.438076328545336E-5	6.438076328545336E-5	6.438076328545336E-5	1.9034816472977139	0.010815968231956165	0.03830655415484475
58-59	6.438076328545336E-5	6.438076328545336E-5	6.438076328545336E-5	2.088286628308608	0.011395395101525246	0.04036673857997926
60-61	6.438076328545336E-5	6.438076328545336E-5	6.438076328545336E-5	2.2648830620006066	0.011878250826166146	0.04290977872975467
62-63	6.438076328545336E-5	6.438076328545336E-5	6.438076328545336E-5	2.439934357373754	0.012103583497665231	0.045098724681460076
64-65	6.438076328545336E-5	6.438076328545336E-5	6.438076328545336E-5	2.61579041228797	0.012586439222306133	0.047319861014808215
66-67	9.657114492818005E-5	6.438076328545336E-5	6.438076328545336E-5	2.7937066516273203	0.013069294946947033	0.049251283913371816
68-69	1.2876152657090672E-4	6.438076328545336E-5	6.438076328545336E-5	2.9794451537058535	0.013906244869657925	0.05121489719357815
70-71	1.2876152657090672E-4	6.438076328545336E-5	6.438076328545336E-5	3.1587455794558412	0.014389100594298827	0.0536935565800681
72-73	1.2876152657090672E-4	6.438076328545336E-5	6.438076328545336E-5	3.336307724597121	0.01503290822715336	0.0559790736767017
74-75	1.2876152657090672E-4	6.438076328545336E-5	6.438076328545336E-5	3.5153184369123247	0.015934238913149705	0.058103638865121654
76-77	1.2876152657090672E-4	6.438076328545336E-5	6.438076328545336E-5	3.6972584739570156	0.01667461769093242	0.06000287138204253
78-79	1.2876152657090672E-4	6.438076328545336E-5	6.438076328545336E-5	3.8807758397022	0.017189663797216048	0.061934294280606136
80-81	1.2876152657090672E-4	6.438076328545336E-5	6.438076328545336E-5	4.0657095822396645	0.018284136773068754	0.06405885946902609
82-83	1.2876152657090672E-4	6.438076328545336E-5	6.438076328545336E-5	4.243078585091089	0.019346419367278735	0.0663443765656597
84-85	1.2876152657090672E-4	6.438076328545336E-5	6.438076328545336E-5	4.41935311496666	0.02005460776341872	0.0685333225173651
86-87	1.2876152657090672E-4	6.438076328545336E-5	6.438076328545336E-5	4.597301544687653	0.020955938449415068	0.07126950495699687
88-89	1.2876152657090672E-4	6.438076328545336E-5	6.438076328545336E-5	4.781269575775836	0.02150317493734142	0.07387692587005773
90-91	1.2876152657090672E-4	6.438076328545336E-5	6.438076328545336E-5	4.962276091752889	0.02230793447840959	0.07674186983626041
92-93	1.2876152657090672E-4	6.438076328545336E-5	6.438076328545336E-5	5.143829844217867	0.02288736134797867	0.07928490998603582
94-95	1.2876152657090672E-4	6.438076328545336E-5	6.438076328545336E-5	5.320233135620009	0.02404621508711683	0.08195671166238214
96-97	1.2876152657090672E-4	6.438076328545336E-5	6.438076328545336E-5	5.4973124250366485	0.025752305314181344	0.08456413257544299
98-99	1.2876152657090672E-4	6.438076328545336E-5	6.438076328545336E-5	5.6771278968929195	0.034669041029216634	0.08701060158029023
100-101	1.2876152657090672E-4	6.438076328545336E-5	6.438076328545336E-5	5.859325456990753	0.05436955459456536	0.09068030508756106
102-103	1.2876152657090672E-4	6.438076328545336E-5	6.438076328545336E-5	6.0387224538856685	0.09930732736781181	0.09296582218419465
104-105	1.2876152657090672E-4	6.438076328545336E-5	6.438076328545336E-5	6.215833933683951	0.16500789630061696	0.09525133928082824
106-107	1.2876152657090672E-4	6.438076328545336E-5	6.438076328545336E-5	6.387118954404899	0.25298420933018895	0.09798752172046002
108-109	1.2876152657090672E-4	6.438076328545336E-5	6.438076328545336E-5	6.568833658778091	0.3654252124082333	0.10059494263352087
110-111	1.609519082136334E-4	6.438076328545336E-5	6.438076328545336E-5	6.750194268953214	0.47133156801280407	0.10278388858522629
112-113	1.9314228985636007E-4	6.438076328545336E-5	6.438076328545336E-5	6.930878881113839	0.5817445770473566	0.1048440730103608
114-115	1.9314228985636007E-4	6.438076328545336E-5	6.438076328545336E-5	7.1067027456464125	0.7094760114056959	0.1072583516335653
116-117	1.9314228985636007E-4	6.438076328545336E-5	6.438076328545336E-5	7.280369854608923	0.8565538651313143	0.10922196491377162
118-119	1.9314228985636007E-4	6.438076328545336E-5	6.438076328545336E-5	7.450077546629378	1.0021187709197243	0.11256976460461521
120-121	1.9314228985636007E-4	6.438076328545336E-5	6.438076328545336E-5	7.627671882152301	1.137704658398889	0.11517718551767606
122-123	1.9314228985636007E-4	6.438076328545336E-5	6.438076328545336E-5	7.7996972816510315	1.2670778022210074	0.11752708337759511
124-125	1.9314228985636007E-4	6.438076328545336E-5	6.438076328545336E-5	7.970338494739126	1.3997987457339698	0.1209070734500814
126-127	1.9314228985636007E-4	6.438076328545336E-5	6.438076328545336E-5	8.142106371184715	1.5370263426769135	0.12357887512642773
128-129	1.9314228985636007E-4	6.438076328545336E-5	6.438076328545336E-5	8.308755976949111	1.6822371542672534	0.12631505756605949
130-131	1.9314228985636007E-4	6.438076328545336E-5	6.438076328545336E-5	8.477819861336712	1.8187887531957	0.12943752458540397
132-133	1.9314228985636007E-4	6.438076328545336E-5	6.438076328545336E-5	8.6431818518354	1.9508658890758077	0.13204494549846485
134-135	2.2533267149908677E-4	6.438076328545336E-5	6.438076328545336E-5	8.816012010875198	2.0814944577819925	0.13410512992359935
136-137	2.5752305314181344E-4	6.438076328545336E-5	6.438076328545336E-5	8.979249436185466	2.213442832135529	0.13619750473037656
138-139	2.5752305314181344E-4	6.438076328545336E-5	6.438076328545336E-5	9.13913906180489	2.3487068157982667	0.13915901984150741
>>END_MODULE
