##FastQC	0.12.1
>>Basic Statistics	pass
#Measure	Value
Filename	SRR2584866_2.fastq
File type	Conventional base calls
Encoding	Sanger / Illumina 1.9
Total Sequences	2768398
Total Bases	415.2 Mbp
Sequences flagged as poor quality	0
Sequence length	150
%GC	50
>>END_MODULE
>>Per base sequence quality	pass
#Base	Mean	Median	Lower Quartile	Upper Quartile	10th Percentile	90th Percentile
1	32.7280271839526	34.0	31.0	34.0	31.0	34.0
2	32.954983712602015	34.0	31.0	34.0	31.0	34.0
3	33.07750655794434	34.0	33.0	34.0	31.0	34.0
4	36.551005310652585	37.0	37.0	37.0	35.0	37.0
5	36.519493223156495	37.0	37.0	37.0	35.0	37.0
6	36.53257985304136	37.0	37.0	37.0	35.0	37.0
7	36.5061309826116	37.0	37.0	37.0	35.0	37.0
8	36.49863097719331	37.0	37.0	37.0	35.0	37.0
9	38.33257862489425	39.0	39.0	39.0	37.0	39.0
10-14	38.61199538505663	39.4	39.2	39.4	37.2	39.4
15-19	39.84260731296584	41.0	40.0	41.0	38.0	41.0
20-24	39.722821718553476	41.0	40.0	41.0	37.8	41.0
25-29	39.496094130973944	41.0	39.6	41.0	37.0	41.0
30-34	39.29837046551832	41.0	39.0	41.0	36.2	41.0
35-39	39.046387694254946	40.4	38.8	41.0	35.4	41.0
40-44	38.619069151184185	40.0	37.8	41.0	35.0	41.0
45-49	37.898060466739246	39.6	36.6	41.0	34.0	41.0
50-54	37.09971246908862	38.2	35.0	40.6	33.2	41.0
55-59	36.14957358009939	36.4	35.0	39.4	33.0	41.0
60-64	35.196921251929815	35.0	35.0	37.6	32.4	40.0
65-69	34.419474873193806	35.0	34.8	36.0	31.6	38.4
70-74	33.86133836247534	35.0	34.0	35.0	31.0	36.6
75-79	33.441148129712566	35.0	34.0	35.0	30.6	35.8
80-84	33.14200472619905	35.0	34.0	35.0	30.0	35.0
85-89	32.88646748047065	35.0	33.4	35.0	29.4	35.0
90-94	32.635733156865456	35.0	33.0	35.0	29.0	35.0
95-99	32.42565974979031	35.0	33.0	35.0	29.0	35.0
100-104	31.63950385746558	34.2	31.8	34.8	26.4	35.0
105-109	32.32021320633811	35.0	33.0	35.0	29.0	35.0
110-114	32.056694015817094	35.0	33.0	35.0	27.4	35.0
115-119	31.579117164511747	35.0	33.0	35.0	25.4	35.0
120-124	31.06695085027514	35.0	32.8	35.0	23.4	35.0
125-129	30.511709443512096	34.2	32.0	35.0	18.8	35.0
130-134	29.887418933260317	34.0	31.0	35.0	7.2	35.0
135-139	29.252932417954355	34.0	30.6	35.0	2.0	35.0
140-144	28.51207926027977	34.0	29.4	35.0	2.0	35.0
145-149	27.622708078823926	33.4	28.6	35.0	2.0	35.0
150	27.117713204532006	33.0	27.0	35.0	2.0	35.0
>>END_MODULE
>>Per tile sequence quality	pass
#Tile	Base	Mean
1101	1	0.0697810116757438
1101	2	0.0824966514384684
1101	3	0.040551004377064714
1101	4	0.025510674300342373
1101	5	-0.07052680326523131
1101	6	-0.019309939065330184
1101	7	-0.007389064633279929
1101	8	-0.02556208335312249
1101	9	-0.06955815901908124
1101	10-14	-0.0241870096024428
1101	15-19	-0.0750955159241471
1101	20-24	-0.11132701721839311
1101	25-29	-0.21973161130738816
1101	30-34	-0.2956090157166571
1101	35-39	-0.49894717392056265
1101	40-44	-0.7397841984312308
1101	45-49	-0.9726375380999599
1101	50-54	-0.6815539466378766
1101	55-59	-0.3846440951598069
1101	60-64	-0.47053392270592553
1101	65-69	-0.5985063440281451
1101	70-74	-0.783830206043092
1101	75-79	-1.0369250279661628
1101	80-84	-1.3081684991863156
1101	85-89	-1.5767275069584166
1101	90-94	-1.8392085612472044
1101	95-99	-2.132333840560719
1101	100-104	-2.4842159228785157
1101	105-109	-2.4919510947613723
1101	110-114	-2.7634707074382447
1101	115-119	-3.0183475392010948
1101	120-124	-3.3000688130450513
1101	125-129	-3.4543191091429044
1101	130-134	-3.6655426844519994
1101	135-139	-3.8470350477496815
1101	140-144	-3.9371612885989933
1101	145-149	-3.9440099046440587
1101	150	-3.8988044880089845
1102	1	0.2854074934206494
1102	2	0.20287928736386363
1102	3	0.18181550078136155
1102	4	0.08785817805409835
1102	5	0.03216577418064048
1102	6	0.06154604026927046
1102	7	0.01965821290742298
1102	8	0.059900640884272605
1102	9	0.04883572828928351
1102	10-14	0.05475304887708887
1102	15-19	2.7205559473486574E-4
1102	20-24	0.0031231319439370964
1102	25-29	-0.008268462303121282
1102	30-34	-0.0435427471454517
1102	35-39	-0.13075033398851588
1102	40-44	-0.0852291911212788
1102	45-49	-0.18412923538934933
1102	50-54	-0.05814217960769241
1102	55-59	-0.06183542300079381
1102	60-64	-0.15594977441288904
1102	65-69	-0.15621440570824774
1102	70-74	-0.29068577048910527
1102	75-79	-0.34421044660848565
1102	80-84	-0.4779973329542955
1102	85-89	-0.6675923767624212
1102	90-94	-0.7679494238203048
1102	95-99	-0.8901669368148717
1102	100-104	-1.0449328157582372
1102	105-109	-1.1204698437735416
1102	110-114	-1.2161276983106966
1102	115-119	-1.2702113273313316
1102	120-124	-1.5076546554664247
1102	125-129	-1.60273124660932
1102	130-134	-1.8566029223214464
1102	135-139	-1.9911752899655824
1102	140-144	-2.0544410766106935
1102	145-149	-1.995008872361776
1102	150	-1.9920310616220718
1103	1	0.24228849050032863
1103	2	0.17740147655869265
1103	3	0.1580836875773599
1103	4	0.06520518733653091
1103	5	0.03254319908676706
1103	6	0.029366818846661147
1103	7	0.018861644279972722
1103	8	0.04824055796812843
1103	9	0.04334579295344554
1103	10-14	0.04254143018705747
1103	15-19	0.01559250824388414
1103	20-24	-0.03924108634976875
1103	25-29	-0.03033804146456731
1103	30-34	-0.09904382922722021
1103	35-39	-0.14597581114747982
1103	40-44	-0.22690830824685548
1103	45-49	-0.19998753482614262
1103	50-54	-0.12516293471824014
1103	55-59	-0.14279293499495793
1103	60-64	-0.1564975294191413
1103	65-69	-0.2288185071892741
1103	70-74	-0.32325701840316867
1103	75-79	-0.44254866886547006
1103	80-84	-0.5922078695625572
1103	85-89	-0.8131900639756111
1103	90-94	-0.9390141662066185
1103	95-99	-1.0664414466187928
1103	100-104	-1.2721778746860615
1103	105-109	-1.2787262580413739
1103	110-114	-1.3785438043807794
1103	115-119	-1.4502513513196433
1103	120-124	-1.6861728552995459
1103	125-129	-1.6761482131299665
1103	130-134	-1.737162215187528
1103	135-139	-1.7966035596777274
1103	140-144	-1.7781034019131532
1103	145-149	-1.7177726786821772
1103	150	-1.6579927454977508
1104	1	0.23228611931158127
1104	2	0.18470399107678048
1104	3	0.1229101831533157
1104	4	0.04314641048406287
1104	5	0.01043917671668737
1104	6	0.021347470942238544
1104	7	-0.01950089118672338
1104	8	0.036115443843002026
1104	9	-0.04196435044435276
1104	10-14	-0.08942004079636945
1104	15-19	-0.05678486053322729
1104	20-24	-0.10153543862626435
1104	25-29	-0.1619322955950082
1104	30-34	-0.20238088219435468
1104	35-39	-0.3153330198413329
1104	40-44	-0.3602290616251764
1104	45-49	-0.4763638978707121
1104	50-54	-0.4270007491419179
1104	55-59	-0.3594892902724709
1104	60-64	-0.4427216696142793
1104	65-69	-0.5469901650734101
1104	70-74	-0.6300785114554657
1104	75-79	-0.7026081913043214
1104	80-84	-0.7476249280562399
1104	85-89	-0.9384623056949692
1104	90-94	-1.0657002836744418
1104	95-99	-1.2365136963043426
1104	100-104	-1.459214604462037
1104	105-109	-1.4693283097108853
1104	110-114	-1.5320512904290453
1104	115-119	-1.5812969708751687
1104	120-124	-1.677358057588087
1104	125-129	-1.6763716152070316
1104	130-134	-1.837037718442776
1104	135-139	-1.8168570092594685
1104	140-144	-1.8322502874096287
1104	145-149	-2.0009121076924536
1104	150	-1.9288785307502003
1105	1	0.20554369587068066
1105	2	0.17547861844059298
1105	3	0.09358260668078344
1105	4	0.028377903231401547
1105	5	0.002605208416611049
1105	6	-0.05033792572041307
1105	7	-0.011517238414306519
1105	8	-0.03423469518922673
1105	9	-0.008596976417358348
1105	10-14	-0.04829256685469829
1105	15-19	-0.006188695533566602
1105	20-24	-0.07465239594130679
1105	25-29	-0.06882364847332667
1105	30-34	-0.11720459837046349
1105	35-39	-0.16051671454945904
1105	40-44	-0.264517251243781
1105	45-49	-0.35183928132745734
1105	50-54	-0.27317522280562656
1105	55-59	-0.2251908187132443
1105	60-64	-0.2867654779912243
1105	65-69	-0.3717010876876117
1105	70-74	-0.43640697858066346
1105	75-79	-0.4494982649514867
1105	80-84	-0.6488462812134799
1105	85-89	-0.7952852966528283
1105	90-94	-0.9671783487074777
1105	95-99	-1.1380844094131959
1105	100-104	-1.211859294642828
1105	105-109	-1.252008770272571
1105	110-114	-1.338009045022492
1105	115-119	-1.3736254553132738
1105	120-124	-1.4618902292897609
1105	125-129	-1.5945189037659873
1105	130-134	-1.704341075126088
1105	135-139	-1.8271212522479843
1105	140-144	-1.8466828762560787
1105	145-149	-1.8840196919942684
1105	150	-1.8670950324473452
1106	1	0.2486231574613882
1106	2	0.19719687012029397
1106	3	0.161551677374824
1106	4	0.0649332432048908
1106	5	0.004833400702480617
1106	6	-0.006584840708690365
1106	7	-4.04500946324049E-4
1106	8	-0.01385185822052648
1106	9	-0.018887525072699418
1106	10-14	0.0035511908361911537
1106	15-19	0.023415954297689723
1106	20-24	-0.007889925567809541
1106	25-29	-0.01889170919975669
1106	30-34	-0.039782763159614376
1106	35-39	-0.15350886078489623
1106	40-44	-0.18145697271195615
1106	45-49	-0.2623751995216068
1106	50-54	-0.17152057142753563
1106	55-59	-0.1550864350760719
1106	60-64	-0.2542627294737585
1106	65-69	-0.3043847004285496
1106	70-74	-0.39060618456964136
1106	75-79	-0.45626822939276224
1106	80-84	-0.5529848374303015
1106	85-89	-0.6870459431466074
1106	90-94	-0.7891642374194134
1106	95-99	-0.8167516427908375
1106	100-104	-1.0907766304116926
1106	105-109	-0.9701763668100618
1106	110-114	-1.125335482089639
1106	115-119	-1.1172637513386476
1106	120-124	-1.1549057396551703
1106	125-129	-1.3713969111473894
1106	130-134	-1.4454834725721035
1106	135-139	-1.4835819651864028
1106	140-144	-1.4264547458436034
1106	145-149	-1.4464733850736415
1106	150	-1.472378835056464
1107	1	0.23054312964234924
1107	2	0.16968134630219822
1107	3	0.14312441471579262
1107	4	0.05248847176994076
1107	5	0.015497887763778806
1107	6	-0.004207643376318515
1107	7	0.036288287068231284
1107	8	0.031283471680524144
1107	9	0.007034889101149133
1107	10-14	0.012054961445400636
1107	15-19	0.00755201265953076
1107	20-24	-0.024654117275431986
1107	25-29	-0.046044735722325925
1107	30-34	-0.09464576724693075
1107	35-39	-0.14537160155293094
1107	40-44	-0.2001290496302559
1107	45-49	-0.26090067859778543
1107	50-54	-0.21068218741408629
1107	55-59	-0.13444532249337726
1107	60-64	-0.1583989108297459
1107	65-69	-0.20554122557554422
1107	70-74	-0.21689490885757579
1107	75-79	-0.30286469621816536
1107	80-84	-0.37941090145547207
1107	85-89	-0.4086273348030218
1107	90-94	-0.5505067520794782
1107	95-99	-0.6544838767055765
1107	100-104	-0.7329964623234204
1107	105-109	-0.6458665065370042
1107	110-114	-0.6963263956174899
1107	115-119	-0.7929940654265657
1107	120-124	-0.9920189216647053
1107	125-129	-1.0112518115976066
1107	130-134	-1.0973157443354928
1107	135-139	-1.2085311154925122
1107	140-144	-1.3282860951508937
1107	145-149	-1.3790578331346062
1107	150	-1.4851522803964663
1108	1	0.19795809485484028
1108	2	0.1625763293486031
1108	3	0.11862677911816633
1108	4	0.03903773362893048
1108	5	0.009402719010616067
1108	6	0.013103660845260379
1108	7	-0.014829556003057576
1108	8	-0.0066736781650007515
1108	9	-0.02440984769961574
1108	10-14	0.006127383829664268
1108	15-19	-0.015930379057124355
1108	20-24	-0.047735755113670564
1108	25-29	-0.08385236670978458
1108	30-34	-0.10456377565574115
1108	35-39	-0.18179232595012706
1108	40-44	-0.2174487507442393
1108	45-49	-0.24129732612495758
1108	50-54	-0.18386765959843387
1108	55-59	-0.09048100332696407
1108	60-64	-0.09863703586326977
1108	65-69	-0.17232774569205844
1108	70-74	-0.19500608479630444
1108	75-79	-0.2276694522180236
1108	80-84	-0.2541082151541616
1108	85-89	-0.2811876448054491
1108	90-94	-0.390706262242702
1108	95-99	-0.4244972629772583
1108	100-104	-0.42658065146261137
1108	105-109	-0.30335658330627524
1108	110-114	-0.3608463181927206
1108	115-119	-0.4066591789390053
1108	120-124	-0.5417170831786606
1108	125-129	-0.6700200579093369
1108	130-134	-0.5656520490852657
1108	135-139	-0.7270828628316508
1108	140-144	-0.7186491280217524
1108	145-149	-0.9009827692505112
1108	150	-1.0180638730377538
1109	1	0.24410220662036863
1109	2	0.18027900805034136
1109	3	0.10743081839251545
1109	4	0.06168783279954937
1109	5	-0.012140333283078064
1109	6	-0.020270325487466323
1109	7	-0.05097859312805042
1109	8	-0.051791473547886824
1109	9	-0.07313717541953935
1109	10-14	-0.050121691966033666
1109	15-19	-0.07176246986022505
1109	20-24	-0.06787221043109781
1109	25-29	-0.03471272197830899
1109	30-34	-0.06556701430739764
1109	35-39	-0.12006885938589562
1109	40-44	-0.10862151863798886
1109	45-49	-0.09760852443564971
1109	50-54	-0.13991567649780023
1109	55-59	-0.05017771884277522
1109	60-64	-0.042176270323970755
1109	65-69	-0.04042444515768295
1109	70-74	-0.06792305020577061
1109	75-79	-0.05759514339493421
1109	80-84	-0.06510661796927053
1109	85-89	-0.06795091310198131
1109	90-94	-0.022808831214916836
1109	95-99	-0.05588220979344527
1109	100-104	-0.17858753961218454
1109	105-109	-0.028310347113780665
1109	110-114	-0.00891280686863638
1109	115-119	0.07419124408079014
1109	120-124	-0.032778618838918305
1109	125-129	-0.14778462572703077
1109	130-134	-0.2124968695686249
1109	135-139	-0.335611839723704
1109	140-144	-0.42501233755286805
1109	145-149	-0.632540799049174
1109	150	-0.642694251267315
1110	1	0.2380977254249501
1110	2	0.1745805962291982
1110	3	0.08447110259053403
1110	4	0.05206153952371295
1110	5	0.008605117923437433
1110	6	-0.013810164597444441
1110	7	-0.0470792746089046
1110	8	-0.01885904596753818
1110	9	-0.07463142043930304
1110	10-14	-0.05908011160535409
1110	15-19	-0.12703987303705588
1110	20-24	-0.05415553489558533
1110	25-29	-0.05206005454787288
1110	30-34	-0.08182224462950671
1110	35-39	-0.1070149182821396
1110	40-44	-0.14683462776182665
1110	45-49	-0.18380776874957405
1110	50-54	-0.0913997466354175
1110	55-59	-0.0382402805908697
1110	60-64	-0.03496211164497254
1110	65-69	0.011927147164918495
1110	70-74	0.02665634703028985
1110	75-79	-0.0053821715643138646
1110	80-84	0.00798103907842318
1110	85-89	0.04336448493765488
1110	90-94	0.026459546180461757
1110	95-99	0.035216023928768436
1110	100-104	0.044057867098793224
1110	105-109	0.21006959503724687
1110	110-114	0.15717234922329482
1110	115-119	0.20086363713821598
1110	120-124	0.17408571289802666
1110	125-129	0.17432175379400405
1110	130-134	-0.04719738533135853
1110	135-139	-0.044785208725663495
1110	140-144	-0.024223416531562236
1110	145-149	-0.11498874243552493
1110	150	-0.4249462518540774
1111	1	0.21931718752771445
1111	2	0.1583680694151468
1111	3	0.1200637154687243
1111	4	0.03275070785616663
1111	5	-0.0025276300028949095
1111	6	-0.0027508698746814275
1111	7	-0.04136433545065188
1111	8	-0.04052846674056099
1111	9	-0.045272739996818245
1111	10-14	-0.048748413111226796
1111	15-19	-0.061111491413811336
1111	20-24	-0.10415749952255737
1111	25-29	-0.0699401194106315
1111	30-34	-0.15571527582291367
1111	35-39	-0.1479715018922505
1111	40-44	-0.07959526455808685
1111	45-49	-0.07399800788147815
1111	50-54	-0.08766815801525496
1111	55-59	-0.06235014128689187
1111	60-64	-0.015830636423679323
1111	65-69	0.03772178693682804
1111	70-74	0.020482203532473875
1111	75-79	0.08984425143469821
1111	80-84	0.06132488083338217
1111	85-89	0.09492146995372508
1111	90-94	0.06609958090304247
1111	95-99	0.0491897883313257
1111	100-104	0.052166613504024184
1111	105-109	0.23618473337446488
1111	110-114	0.16047915335371954
1111	115-119	0.17615830267316923
1111	120-124	0.18207122172655943
1111	125-129	0.13180871909018776
1111	130-134	0.18444211816438383
1111	135-139	0.09801850783018651
1111	140-144	0.2567208526515685
1111	145-149	0.05959491475023171
1111	150	0.019597719866908392
1112	1	0.19783795625998835
1112	2	0.10640134455123018
1112	3	0.05427078838705768
1112	4	0.002005861075900839
1112	5	-0.033637936322257644
1112	6	-0.0996748236604148
1112	7	-0.08220121076858788
1112	8	-0.05076253501692918
1112	9	-0.0792586753600304
1112	10-14	-0.09275640817676134
1112	15-19	-0.19732501828153204
1112	20-24	-0.1361686320747708
1112	25-29	-0.17844640789724053
1112	30-34	-0.2267696190858075
1112	35-39	-0.17989092421994002
1112	40-44	-0.1342087332886166
1112	45-49	-0.1006755332309126
1112	50-54	-0.24747295397350655
1112	55-59	-0.15908641042847194
1112	60-64	-0.04807768106620358
1112	65-69	-0.01978520844522791
1112	70-74	0.038425335986190134
1112	75-79	0.008730071304285048
1112	80-84	-0.014225845971651552
1112	85-89	0.010017561488574245
1112	90-94	0.021889667189931572
1112	95-99	0.07681570670983007
1112	100-104	0.08374688217233839
1112	105-109	0.24814970451306095
1112	110-114	0.2588826627262435
1112	115-119	0.30365034934868973
1112	120-124	0.2112352533008206
1112	125-129	0.22880684584729138
1112	130-134	0.20529655475910147
1112	135-139	0.23546036312743013
1112	140-144	0.2492713037853953
1112	145-149	0.1804619637530429
1112	150	0.16352391445714431
1113	1	-0.018550701852156237
1113	2	0.03171771513059696
1113	3	0.025448321910147342
1113	4	-0.016405993858867873
1113	5	-0.07804483715136712
1113	6	-0.0754612562295165
1113	7	-0.08156845486372788
1113	8	-0.09909072342984615
1113	9	-0.14692374266278563
1113	10-14	-0.13181725154261414
1113	15-19	-0.13327679021926997
1113	20-24	-0.14228107476029095
1113	25-29	-0.11986468358652758
1113	30-34	-0.17216645627953397
1113	35-39	-0.12197248027746355
1113	40-44	-0.09253552671881238
1113	45-49	-0.07125056988238754
1113	50-54	-0.1016757007033462
1113	55-59	-0.13775859922125733
1113	60-64	-0.17504744533181338
1113	65-69	-0.1871620186417573
1113	70-74	-0.11557942936916277
1113	75-79	-0.1058266176378666
1113	80-84	-0.10125483654386613
1113	85-89	0.021165803323718535
1113	90-94	0.018648971916384482
1113	95-99	0.04882356462096027
1113	100-104	-0.052639457850130356
1113	105-109	0.08643608178422113
1113	110-114	0.1361623461447934
1113	115-119	0.2204402493198785
1113	120-124	0.21397570128197785
1113	125-129	0.3271389419813602
1113	130-134	0.2005791242877848
1113	135-139	0.3113954660538525
1113	140-144	0.258674224637371
1113	145-149	0.2961915293943598
1113	150	0.3477636768912937
1114	1	0.21378826491004332
1114	2	0.1462646696218144
1114	3	0.07466726113150912
1114	4	-0.011457145754903308
1114	5	-0.006073669223901845
1114	6	-0.05287631759977529
1114	7	-0.07188022392734439
1114	8	-0.04945285366538599
1114	9	-0.16378837249615685
1114	10-14	-0.04825904464122743
1114	15-19	-0.08848450500131122
1114	20-24	-0.09197824761637463
1114	25-29	-0.02665114921128975
1114	30-34	0.004889809468359374
1114	35-39	0.06132179357148715
1114	40-44	0.010970652433734074
1114	45-49	0.029511516922916314
1114	50-54	-0.026077748131505984
1114	55-59	-0.03142732410555027
1114	60-64	-0.07402464090705507
1114	65-69	-0.017468248015376275
1114	70-74	-0.05413764186472747
1114	75-79	0.03819686776792963
1114	80-84	0.07998600634321917
1114	85-89	0.14003164373598764
1114	90-94	0.2271473564410158
1114	95-99	0.2504988489885491
1114	100-104	0.24012156148980424
1114	105-109	0.3371913266734978
1114	110-114	0.4200347314955195
1114	115-119	0.347533823332995
1114	120-124	0.3399512775145652
1114	125-129	0.39355911481988315
1114	130-134	0.41708995920244263
1114	135-139	0.46225753044841866
1114	140-144	0.547920313593373
1114	145-149	0.7289132056496719
1114	150	0.7220146354527301
1115	1	0.22227839447567987
1115	2	0.14905702118194597
1115	3	0.07743074351019175
1115	4	0.01607651815960054
1115	5	-0.023032311790274207
1115	6	-0.044785270323828286
1115	7	-0.058882028039256795
1115	8	-0.048949738713673696
1115	9	-0.07987559905603092
1115	10-14	-0.06692609283948059
1115	15-19	-0.06099487483012922
1115	20-24	-0.09852655974412983
1115	25-29	-0.053566927871983694
1115	30-34	-0.07897228984576543
1115	35-39	-0.06322026020751537
1115	40-44	0.007977921439305646
1115	45-49	0.07414132171073362
1115	50-54	0.09177192076300145
1115	55-59	0.036622705385283894
1115	60-64	0.046783464466493285
1115	65-69	0.06089695193361422
1115	70-74	-0.02828463525957403
1115	75-79	0.03475425791104669
1115	80-84	0.15013501841439592
1115	85-89	0.19304496462621756
1115	90-94	0.2314908919766694
1115	95-99	0.21779143216146224
1115	100-104	0.1531093588211725
1115	105-109	0.29652491670550774
1115	110-114	0.24757030746347652
1115	115-119	0.229777534231264
1115	120-124	0.21889456751618752
1115	125-129	0.25003834812977743
1115	130-134	0.19828747545442837
1115	135-139	0.284960028682832
1115	140-144	0.2522173476122944
1115	145-149	0.25619367789485636
1115	150	0.2158525016086088
1116	1	0.23201688098185258
1116	2	0.11643225911713984
1116	3	0.06630886161232041
1116	4	-0.006820494842926905
1116	5	-0.02805710731465183
1116	6	-0.07450628058507647
1116	7	-0.06415678563090665
1116	8	-0.1007540606614441
1116	9	-0.13141645507693767
1116	10-14	-0.20237687511618674
1116	15-19	-0.17981952702603365
1116	20-24	-0.243367072598204
1116	25-29	-0.24087181820094372
1116	30-34	-0.2435413882512023
1116	35-39	-0.1656982278166268
1116	40-44	-0.20707912580300558
1116	45-49	-0.28641858394230013
1116	50-54	-0.3731470213821524
1116	55-59	-0.459741389802673
1116	60-64	-0.49213149854136873
1116	65-69	-0.4823651379124456
1116	70-74	-0.37995999534842895
1116	75-79	-0.39312009955374805
1116	80-84	-0.455855978262349
1116	85-89	-0.44969314733540244
1116	90-94	-0.48650184744816727
1116	95-99	-0.4551972664209494
1116	100-104	-0.47729970121829624
1116	105-109	-0.3456009827781479
1116	110-114	-0.2592491697533603
1116	115-119	-0.1960272348443013
1116	120-124	-0.15939052296624112
1116	125-129	-0.2305633763506023
1116	130-134	-0.13461720098840146
1116	135-139	-0.09856792590068864
1116	140-144	-0.11177929967946554
1116	145-149	-0.09604027309626417
1116	150	-0.06671149308812474
1201	1	0.2989465753065019
1201	2	0.26548138620588446
1201	3	0.22567513856741073
1201	4	0.10846211209049272
1201	5	0.11418474647178556
1201	6	0.11563753289402712
1201	7	0.10731588453686669
1201	8	0.09932177922173935
1201	9	0.11941316832236737
1201	10-14	0.11458796754265421
1201	15-19	0.16690063982412795
1201	20-24	0.16092456046612824
1201	25-29	0.18711878094198653
1201	30-34	0.22450035838253513
1201	35-39	0.24151234005338296
1201	40-44	0.25179068584314734
1201	45-49	0.2994656346823348
1201	50-54	0.26849105722716615
1201	55-59	0.21653482961844617
1201	60-64	0.23146522937812364
1201	65-69	0.28034219237556357
1201	70-74	0.3590583792903246
1201	75-79	0.3393428946515158
1201	80-84	0.3788034407567622
1201	85-89	0.4214099409243701
1201	90-94	0.36854759506583434
1201	95-99	0.42094693139577544
1201	100-104	0.45418219837189255
1201	105-109	0.5346378554269009
1201	110-114	0.5587537894891383
1201	115-119	0.5467168329940151
1201	120-124	0.6170167327331875
1201	125-129	0.7321134511436469
1201	130-134	0.690867611177314
1201	135-139	0.7826513057057696
1201	140-144	0.7662357482445614
1201	145-149	0.7614595846964001
1201	150	0.8890563125852609
1202	1	0.2536097625912248
1202	2	0.2065202302433633
1202	3	0.17544609220024654
1202	4	0.08364627468946395
1202	5	0.08936696745137596
1202	6	0.1185577284539363
1202	7	0.1402062697670985
1202	8	0.08894382359162734
1202	9	0.10733370690169863
1202	10-14	0.1367607431911182
1202	15-19	0.1708214165754356
1202	20-24	0.16780125857408024
1202	25-29	0.12197369666923663
1202	30-34	0.17532470525413402
1202	35-39	0.23692286958477382
1202	40-44	0.25272602862310833
1202	45-49	0.2760755931187262
1202	50-54	0.210460454716781
1202	55-59	0.2544190599152145
1202	60-64	0.3276767416278048
1202	65-69	0.26386017371272175
1202	70-74	0.3216781933867381
1202	75-79	0.32228317950001895
1202	80-84	0.41086669612760574
1202	85-89	0.4470123930602128
1202	90-94	0.21380739021203965
1202	95-99	0.5567866364767298
1202	100-104	0.6815609733653964
1202	105-109	0.6789142850736098
1202	110-114	0.7056477809537895
1202	115-119	0.6996447303108226
1202	120-124	0.7045789778147444
1202	125-129	0.6559356971830681
1202	130-134	0.744085327548138
1202	135-139	0.5854436132686303
1202	140-144	0.6796989370825841
1202	145-149	0.7308128053899168
1202	150	0.9451962955766753
1203	1	0.24694281267655782
1203	2	0.21492915538799906
1203	3	0.1920385242856355
1203	4	0.07966664022101355
1203	5	0.03892403838375458
1203	6	0.07175099564885556
1203	7	0.08070176494361903
1203	8	0.04504746403661386
1203	9	0.12413267399063699
1203	10-14	0.09291229975692517
1203	15-19	0.09947171622822282
1203	20-24	0.15283490607666295
1203	25-29	0.15014931987385438
1203	30-34	0.13394099154233174
1203	35-39	0.1125481985655199
1203	40-44	0.13554326048755883
1203	45-49	0.1061215973155285
1203	50-54	0.07259751370553857
1203	55-59	0.06552686646627137
1203	60-64	0.09901416789480066
1203	65-69	0.10883924876635831
1203	70-74	0.08692130278892307
1203	75-79	0.19652838257702854
1203	80-84	0.21642000930312122
1203	85-89	0.2729612148665339
1203	90-94	0.38602760609422404
1203	95-99	0.4711553356838749
1203	100-104	0.540870273105515
1203	105-109	0.5627651361158499
1203	110-114	0.5345496992508956
1203	115-119	0.5640654763388611
1203	120-124	0.44931209918415504
1203	125-129	0.4767638671413117
1203	130-134	0.5185878142295834
1203	135-139	0.6014320189836369
1203	140-144	0.5676467344752787
1203	145-149	0.7857334133345546
1203	150	0.9308993525307692
1204	1	0.21514703876467678
1204	2	0.18643105918491898
1204	3	0.15874820653142052
1204	4	0.08342197728823209
1204	5	0.05755440474226958
1204	6	0.030663966661201414
1204	7	-0.006781581646428947
1204	8	0.04349021206103032
1204	9	0.0017175967551210647
1204	10-14	0.013178468278979949
1204	15-19	0.02754548739633833
1204	20-24	0.03431565412967785
1204	25-29	0.0704201089952079
1204	30-34	0.19011383716041053
1204	35-39	0.21167919585587214
1204	40-44	0.24149723271776224
1204	45-49	0.22276312572175527
1204	50-54	0.22118586561477827
1204	55-59	0.1815767381346305
1204	60-64	0.22630287724040699
1204	65-69	0.2802917561565721
1204	70-74	0.26757914411093964
1204	75-79	0.28350324321645815
1204	80-84	0.3271902962093307
1204	85-89	0.3468111532035323
1204	90-94	0.39917167087942573
1204	95-99	0.46737986600545867
1204	100-104	0.5545658394204658
1204	105-109	0.6343409695014444
1204	110-114	0.7337465950882844
1204	115-119	0.7303041874996978
1204	120-124	0.750983655985074
1204	125-129	0.7494271915744868
1204	130-134	0.6807996731076855
1204	135-139	0.7396689083081824
1204	140-144	0.7226260352906024
1204	145-149	0.9031884972589417
1204	150	0.9226295799412654
1205	1	0.20750590252959
1205	2	0.1098722900219613
1205	3	0.12015291300464526
1205	4	0.06863997355913654
1205	5	0.024997466039721417
1205	6	-0.0019069198394348064
1205	7	0.01932371913609643
1205	8	0.019992918020669492
1205	9	0.018544081459161532
1205	10-14	0.015305397524237208
1205	15-19	0.021928159300209416
1205	20-24	0.031191312635037605
1205	25-29	0.0139648973136417
1205	30-34	0.049738602037287194
1205	35-39	0.06880843922023416
1205	40-44	0.13763707831853367
1205	45-49	0.050190457838453995
1205	50-54	0.06302252324083923
1205	55-59	0.02360426645805802
1205	60-64	0.10035084597512167
1205	65-69	0.06525256892080478
1205	70-74	0.09713296562530616
1205	75-79	0.06138746410722007
1205	80-84	0.14339470911902197
1205	85-89	0.1637143681594111
1205	90-94	0.22081989201719665
1205	95-99	0.26429549276538467
1205	100-104	0.23190743309124429
1205	105-109	0.3835296503945145
1205	110-114	0.5031663313846124
1205	115-119	0.476715867582584
1205	120-124	0.5226851941725457
1205	125-129	0.5644673742547681
1205	130-134	0.646634848447416
1205	135-139	0.5973499867542458
1205	140-144	0.5230997742779877
1205	145-149	0.7030664742818757
1205	150	0.645237160725781
1206	1	0.20247629301213266
1206	2	0.16106028646041892
1206	3	0.10118803348228056
1206	4	0.05540552319118319
1206	5	0.05448967531191329
1206	6	0.028634050423249846
1206	7	0.02586279496414079
1206	8	0.03677707707328892
1206	9	0.04100542936556195
1206	10-14	0.07043957177755544
1206	15-19	0.08416871872616838
1206	20-24	0.08973233877479458
1206	25-29	0.07581432846991731
1206	30-34	0.11735997744014526
1206	35-39	0.11420205082174562
1206	40-44	0.20791693435989345
1206	45-49	0.20488793259320914
1206	50-54	0.12282775125883916
1206	55-59	0.1262612828480556
1206	60-64	0.2069421578873687
1206	65-69	0.210795068229217
1206	70-74	0.21494761341772062
1206	75-79	0.2929710017574507
1206	80-84	0.3445186124263344
1206	85-89	0.356484178249751
1206	90-94	0.4199436991665735
1206	95-99	0.42271467210963465
1206	100-104	0.5132961667816325
1206	105-109	0.5825776756702581
1206	110-114	0.52748387516327
1206	115-119	0.5641615858983045
1206	120-124	0.5903730273837624
1206	125-129	0.5922953781255416
1206	130-134	0.6139204396865665
1206	135-139	0.717308462685839
1206	140-144	0.5840221397653025
1206	145-149	0.7441880033747346
1206	150	0.8863229307378937
1207	1	0.24702574664821242
1207	2	0.19953968361522811
1207	3	0.1707507696801045
1207	4	0.07332260195361329
1207	5	0.04523229891232461
1207	6	0.05120483732169134
1207	7	0.04871259539303452
1207	8	0.07760180455669285
1207	9	0.03680284992561411
1207	10-14	0.05175860961747958
1207	15-19	0.06847599477656985
1207	20-24	0.07179368237945027
1207	25-29	0.09976532502772528
1207	30-34	0.06217103513017719
1207	35-39	0.112882350915811
1207	40-44	0.16956706898915286
1207	45-49	0.1795474882457384
1207	50-54	0.16604373577573028
1207	55-59	0.16279591060473564
1207	60-64	0.14389732953018353
1207	65-69	0.15316465304894678
1207	70-74	0.20978346558959515
1207	75-79	0.22025887696439383
1207	80-84	0.2601621543298904
1207	85-89	0.31887400117349074
1207	90-94	0.42113096387606674
1207	95-99	0.4203121423576306
1207	100-104	0.4861830022150109
1207	105-109	0.5109781846912256
1207	110-114	0.5079784758610231
1207	115-119	0.5371559245741011
1207	120-124	0.6211572709607047
1207	125-129	0.4999611676463971
1207	130-134	0.48833087375881234
1207	135-139	0.5290313420922743
1207	140-144	0.5446180937501772
1207	145-149	0.4299662647124194
1207	150	0.47658611737155
1208	1	0.17420805740353273
1208	2	0.06958788810288041
1208	3	0.07279329395522183
1208	4	0.017926427276186985
1208	5	0.014792305685887186
1208	6	0.02217025020704
1208	7	0.016871116446900203
1208	8	0.015659282949613385
1208	9	-0.044791508194578
1208	10-14	0.03361779022286271
1208	15-19	0.039798261351251085
1208	20-24	0.045282128929542864
1208	25-29	0.08370918501309887
1208	30-34	0.1171446677709227
1208	35-39	0.065263558951969
1208	40-44	0.1551854700027917
1208	45-49	0.261850381005047
1208	50-54	0.15158895613716084
1208	55-59	0.0789012188700724
1208	60-64	0.07508453859761488
1208	65-69	0.09584151854301126
1208	70-74	0.10548188071664555
1208	75-79	0.15740097647591966
1208	80-84	0.15374183711571732
1208	85-89	0.13301299322979077
1208	90-94	0.023985499361330653
1208	95-99	0.23221734945506256
1208	100-104	0.2670217374311825
1208	105-109	0.39499325424279874
1208	110-114	0.383856804314739
1208	115-119	0.41442050366828553
1208	120-124	0.5571306907023867
1208	125-129	0.5395311877547435
1208	130-134	0.5146828128010696
1208	135-139	0.4402829218197155
1208	140-144	0.4841236234087596
1208	145-149	0.38473678837334546
1208	150	0.21579815123284973
1209	1	0.14863250488328106
1209	2	0.11703205558945484
1209	3	0.045081706077098715
1209	4	0.013331369823923467
1209	5	0.008572095822088954
1209	6	0.03456193034263322
1209	7	0.015584680124291594
1209	8	-0.006946204026320402
1209	9	-0.014086956259092176
1209	10-14	-0.026888973131164562
1209	15-19	-0.056010326340157235
1209	20-24	-0.03445287963333499
1209	25-29	0.015410111172357688
1209	30-34	0.010425687632171332
1209	35-39	0.01250082660294538
1209	40-44	0.11140831747568569
1209	45-49	0.09390786055286782
1209	50-54	0.15997852190537998
1209	55-59	0.14091267133666463
1209	60-64	0.12435892859032549
1209	65-69	0.15491889037152617
1209	70-74	0.22020394466448323
1209	75-79	0.24293285061755654
1209	80-84	0.31175328316216167
1209	85-89	0.3094507657180827
1209	90-94	0.3427247222136245
1209	95-99	0.3643172447532166
1209	100-104	0.40825028545680553
1209	105-109	0.5484042392159196
1209	110-114	0.5397216110657368
1209	115-119	0.5425702235627625
1209	120-124	0.6536873321539325
1209	125-129	0.7102837837666556
1209	130-134	0.6926012844644305
1209	135-139	0.7714454975172202
1209	140-144	0.8786000312526774
1209	145-149	0.9814635743369884
1209	150	1.0284451390886105
1210	1	0.09938259573988262
1210	2	0.039118060669913746
1210	3	0.03085803431933698
1210	4	-0.0122317065525408
1210	5	-0.021897862699759685
1210	6	-0.028995470076338847
1210	7	-0.015779770266746596
1210	8	-0.07349983944769889
1210	9	-0.03441944451653711
1210	10-14	-0.050073576861890956
1210	15-19	-0.07731349465537818
1210	20-24	-0.064808243112914
1210	25-29	0.017378493699609976
1210	30-34	0.0333066019905246
1210	35-39	0.0020616686263039696
1210	40-44	-0.00127945544597452
1210	45-49	0.09732732156835766
1210	50-54	0.03051345931909566
1210	55-59	0.06196381813153806
1210	60-64	0.04017623456847019
1210	65-69	0.03263684770239195
1210	70-74	0.0016471791470920039
1210	75-79	0.07945933226827151
1210	80-84	0.13775165806435297
1210	85-89	0.21055543190060177
1210	90-94	0.2879912026007929
1210	95-99	0.35561296313965585
1210	100-104	0.38497204156327314
1210	105-109	0.38334922171076613
1210	110-114	0.39835423950194127
1210	115-119	0.48380967653406515
1210	120-124	0.5293056105635898
1210	125-129	0.5668451943865875
1210	130-134	0.5858246015530426
1210	135-139	0.45766750789708155
1210	140-144	0.4079437431937656
1210	145-149	0.27560752998020277
1210	150	0.1904016492692442
1211	1	0.1344503115139588
1211	2	0.12566150390696862
1211	3	0.08164366439628168
1211	4	0.014567356235026807
1211	5	-0.012769001712420902
1211	6	0.02787950699958941
1211	7	0.016522447536345908
1211	8	0.026357441322375053
1211	9	-0.015263865434974377
1211	10-14	0.0106920700708244
1211	15-19	-0.010905161135582375
1211	20-24	0.04751398746328306
1211	25-29	0.02155647170047814
1211	30-34	0.030912302749705134
1211	35-39	-6.030707330708651E-4
1211	40-44	0.03461987135531075
1211	45-49	0.01221368614513807
1211	50-54	-0.011783589777685677
1211	55-59	0.02139946569462836
1211	60-64	0.08372287639591747
1211	65-69	0.14284993142572233
1211	70-74	0.15577943161903107
1211	75-79	0.15769026156570476
1211	80-84	0.1345330324130387
1211	85-89	0.23947142678358802
1211	90-94	0.25015186896033725
1211	95-99	0.27434965121778276
1211	100-104	0.4182192263858546
1211	105-109	0.4208064143706949
1211	110-114	0.4431671581822272
1211	115-119	0.5467742049460682
1211	120-124	0.5400503078376993
1211	125-129	0.49236883623723315
1211	130-134	0.4225299972471923
1211	135-139	0.4284588512386378
1211	140-144	0.399011015147714
1211	145-149	0.4580881493749125
1211	150	0.41920839533516485
1212	1	0.19906232938302537
1212	2	0.12918652001587105
1212	3	0.10538161803308554
1212	4	0.023580505962705445
1212	5	0.02625979495380193
1212	6	0.030729219470188696
1212	7	0.0215538564681097
1212	8	0.004750570066676119
1212	9	-7.794035332793214E-4
1212	10-14	-0.016740970970360536
1212	15-19	-0.03010679540133765
1212	20-24	-0.11033664319862879
1212	25-29	-0.07101441459150237
1212	30-34	0.01999520506886654
1212	35-39	0.10484026393416457
1212	40-44	0.15139501970223534
1212	45-49	0.15875265891191503
1212	50-54	0.1661830629310117
1212	55-59	0.0930963167051928
1212	60-64	0.018659374942807005
1212	65-69	0.02705284277357123
1212	70-74	0.06320328425798039
1212	75-79	0.11930626032700786
1212	80-84	0.10992392759891345
1212	85-89	0.08499266221039647
1212	90-94	0.07871546083494962
1212	95-99	0.14895696157808658
1212	100-104	0.15714372510305097
1212	105-109	0.20127296338042555
1212	110-114	0.07780583729250878
1212	115-119	0.14121611008998514
1212	120-124	0.1309745843321437
1212	125-129	0.13011662747421582
1212	130-134	0.06260711433707655
1212	135-139	0.04533902629746578
1212	140-144	-0.06550339840955033
1212	145-149	-0.06308287674968938
1212	150	-0.17783878722008595
1213	1	0.14984033558033616
1213	2	0.10679909772652252
1213	3	0.09402727094533248
1213	4	0.004096394964506089
1213	5	0.013951379653718732
1213	6	0.0511600142518418
1213	7	0.02501380600883607
1213	8	0.030001772337854504
1213	9	-0.03666841714243674
1213	10-14	0.013620856691552774
1213	15-19	-0.005069780951536984
1213	20-24	-0.026088993674655114
1213	25-29	0.009653893945497316
1213	30-34	0.014491531143193015
1213	35-39	0.07046286261018508
1213	40-44	0.1357778879650624
1213	45-49	0.1604000757673063
1213	50-54	0.06870092180304965
1213	55-59	0.03688125889963345
1213	60-64	0.08430452566466329
1213	65-69	0.1527937951374625
1213	70-74	0.12080276494555875
1213	75-79	0.15031992629572244
1213	80-84	0.17727060827105134
1213	85-89	0.1717153753795344
1213	90-94	0.2526416233397555
1213	95-99	0.29517688473768544
1213	100-104	0.36742972255700224
1213	105-109	0.5159775027808635
1213	110-114	0.482702452088148
1213	115-119	0.4369853590930717
1213	120-124	0.5008679920703187
1213	125-129	0.49221450039932435
1213	130-134	0.38950540362581876
1213	135-139	0.42257104008094615
1213	140-144	0.364708682880412
1213	145-149	0.40308514076696156
1213	150	0.34943139175336313
1214	1	0.16248347164953714
1214	2	0.03548124749919879
1214	3	0.023785795353298056
1214	4	-0.009938278624339603
1214	5	-0.03197395441601003
1214	6	-0.001388140739848609
1214	7	-0.021362123956357948
1214	8	-0.00840184697980817
1214	9	-0.008557071063471255
1214	10-14	-0.04514802496815662
1214	15-19	-0.0879040623811349
1214	20-24	-0.01834453317817264
1214	25-29	-0.02107806623074282
1214	30-34	0.011276087438254478
1214	35-39	-0.009526122823473315
1214	40-44	0.06740186764599798
1214	45-49	0.043073020788938265
1214	50-54	-0.01574625433554644
1214	55-59	-0.040065187269703983
1214	60-64	0.015356078411471685
1214	65-69	0.020174651735111127
1214	70-74	0.05946211307959004
1214	75-79	0.04178171101140293
1214	80-84	0.016058133727085533
1214	85-89	0.10015093928640795
1214	90-94	0.13397421180782487
1214	95-99	0.10680864423838443
1214	100-104	0.1486456724000469
1214	105-109	0.220924132395929
1214	110-114	0.22507803315443908
1214	115-119	0.2356189720214239
1214	120-124	0.29222049163566766
1214	125-129	0.3832899636731213
1214	130-134	0.2755236222504891
1214	135-139	0.23715078020211422
1214	140-144	0.2237942039865466
1214	145-149	0.12807820288094263
1214	150	0.10438907113756457
1215	1	0.22003870710689455
1215	2	0.1346555005121317
1215	3	0.0683082985541219
1215	4	0.014685129581962997
1215	5	-0.008529499651942274
1215	6	0.013797324700085767
1215	7	0.009355194831243807
1215	8	-0.03688979514972601
1215	9	-0.063242628715237
1215	10-14	-0.006480811678116538
1215	15-19	-8.255611472449687E-4
1215	20-24	-0.0526469549400872
1215	25-29	-0.03085611966270818
1215	30-34	0.050660872125043
1215	35-39	0.06958452586729891
1215	40-44	0.12379124545069686
1215	45-49	0.16841982179807502
1215	50-54	0.12573424604327244
1215	55-59	0.0768996816366041
1215	60-64	0.09162147451115032
1215	65-69	0.09435185343743768
1215	70-74	0.07738775140673937
1215	75-79	0.12827338032287372
1215	80-84	0.1641846191115519
1215	85-89	0.18644561145577399
1215	90-94	0.22942919410523643
1215	95-99	0.2504850967551775
1215	100-104	0.3279460913323611
1215	105-109	0.33722073617050796
1215	110-114	0.3634017360017694
1215	115-119	0.37244354409109093
1215	120-124	0.4664244547121861
1215	125-129	0.44193006041672334
1215	130-134	0.39979650203835604
1215	135-139	0.2426100150699213
1215	140-144	0.3746565603056027
1215	145-149	0.36941074647833716
1215	150	0.3240130595851589
1216	1	0.1283660595286591
1216	2	0.07027180813452816
1216	3	0.0670086813786952
1216	4	0.01275533193606293
1216	5	-0.014454740430451807
1216	6	0.014475084281592387
1216	7	-0.023227387293118795
1216	8	0.00796782771280391
1216	9	-0.0496794378760228
1216	10-14	-0.08797166821215541
1216	15-19	-0.13269626914383537
1216	20-24	-0.1651770086161619
1216	25-29	-0.3444963710912674
1216	30-34	-0.292195496572468
1216	35-39	-0.19280723396703792
1216	40-44	-0.25190783225435354
1216	45-49	-0.23196637816976562
1216	50-54	-0.2224708932590289
1216	55-59	-0.2325067317316396
1216	60-64	-0.23901763270682608
1216	65-69	-0.29305272131489346
1216	70-74	-0.3114706911666616
1216	75-79	-0.33329373965389664
1216	80-84	-0.3437764342649956
1216	85-89	-0.3205960877279068
1216	90-94	-0.3743696626829305
1216	95-99	-0.3300709620261486
1216	100-104	-0.33255029982212747
1216	105-109	-0.24426093745639577
1216	110-114	-0.2390388365788496
1216	115-119	-0.10559643512390693
1216	120-124	-0.011151736830122161
1216	125-129	0.08385173308557015
1216	130-134	0.1330138052247527
1216	135-139	0.10793313826819073
1216	140-144	0.20721379464701073
1216	145-149	0.2768198636717436
1216	150	0.34150404706579707
2101	1	-0.08394134672055031
2101	2	-0.04829239064924451
2101	3	-0.042131407312432145
2101	4	-0.027089581023062692
2101	5	0.05473338008079054
2101	6	0.02996786011294006
2101	7	0.058284977909941915
2101	8	0.048457672528243734
2101	9	0.0556672335842876
2101	10-14	0.07004112250290717
2101	15-19	0.09769735816660585
2101	20-24	0.06381534387030996
2101	25-29	0.04908978593188351
2101	30-34	-0.03504402362048609
2101	35-39	-0.02738177939951214
2101	40-44	-0.11854400768709894
2101	45-49	-0.2040312935083648
2101	50-54	-0.23667785787294093
2101	55-59	-0.08420391455399567
2101	60-64	-0.10827083152332762
2101	65-69	-0.15048689373143986
2101	70-74	-0.11783458226420152
2101	75-79	-0.17206415626557003
2101	80-84	-0.27411393343336954
2101	85-89	-0.3038728703327749
2101	90-94	-0.41912645987677877
2101	95-99	-0.4850282580453289
2101	100-104	-0.590752517598883
2101	105-109	-0.7943512734255798
2101	110-114	-0.9507799770550207
2101	115-119	-0.9286557612698019
2101	120-124	-0.9577753690317294
2101	125-129	-1.0164756521816827
2101	130-134	-1.0972014472836236
2101	135-139	-1.0798526412010858
2101	140-144	-1.087257279964195
2101	145-149	-1.0886565179744814
2101	150	-1.250710697905479
2102	1	-0.08116185040481838
2102	2	-0.060189166504066804
2102	3	-0.03200284639575557
2102	4	0.02524660808573742
2102	5	0.04642890495755836
2102	6	0.03648157039251032
2102	7	0.07026426878218217
2102	8	0.10310554189601362
2102	9	0.08731338046681714
2102	10-14	0.060763020564991166
2102	15-19	0.10904636028288905
2102	20-24	0.05006801442790021
2102	25-29	-0.00579512199584542
2102	30-34	-0.001018949889228793
2102	35-39	-0.04229280994405826
2102	40-44	-0.13998025022279137
2102	45-49	-0.19796577204935772
2102	50-54	-0.2150356553342263
2102	55-59	-0.15644401083076076
2102	60-64	-0.1750072391268489
2102	65-69	-0.18717650965112398
2102	70-74	-0.2354921787037867
2102	75-79	-0.3439048294671778
2102	80-84	-0.39977533538996823
2102	85-89	-0.5062772823540698
2102	90-94	-0.5544456714262722
2102	95-99	-0.7642222286793015
2102	100-104	-0.8112448135307453
2102	105-109	-0.9778816286848553
2102	110-114	-0.9393274469367263
2102	115-119	-1.0950004178051387
2102	120-124	-1.2333899893826512
2102	125-129	-1.179133827486158
2102	130-134	-1.1935550519742044
2102	135-139	-1.3166882646096028
2102	140-144	-1.3330041725179242
2102	145-149	-1.219234492209388
2102	150	-1.1219227704446197
2103	1	-0.06717680562972816
2103	2	-0.05262253341514622
2103	3	-0.03293846771212117
2103	4	0.016911297521339463
2103	5	0.05351491107102646
2103	6	0.0670180596238481
2103	7	0.046185755962305564
2103	8	-0.0030388358178043973
2103	9	0.07543570012253298
2103	10-14	0.06392394055582429
2103	15-19	0.05420544123774107
2103	20-24	0.08857568606432409
2103	25-29	0.05561258851774653
2103	30-34	0.00821890684618154
2103	35-39	-0.03489635342358355
2103	40-44	-0.07181917884863509
2103	45-49	-0.11007661889973264
2103	50-54	-0.09498408367979749
2103	55-59	0.004181572613241258
2103	60-64	-0.008551853722401859
2103	65-69	-0.08161731593679633
2103	70-74	-0.1380798685496316
2103	75-79	-0.2298712334666888
2103	80-84	-0.3341865984057719
2103	85-89	-0.44942062499194435
2103	90-94	-0.6174584673580519
2103	95-99	-0.772447638569254
2103	100-104	-0.8258563078313088
2103	105-109	-0.9372935400555313
2103	110-114	-1.057795597272552
2103	115-119	-1.0637769860308275
2103	120-124	-1.0246083211673707
2103	125-129	-1.0634658705832436
2103	130-134	-0.9650731661649985
2103	135-139	-0.962307442307452
2103	140-144	-1.1055769761358754
2103	145-149	-1.007695753699295
2103	150	-0.9359215181245659
2104	1	-0.05684746057793433
2104	2	-0.04430128293573432
2104	3	-0.026499955399337694
2104	4	0.020123121142091804
2104	5	0.03710244851420441
2104	6	0.0067555162659687085
2104	7	0.05585705107679928
2104	8	0.04082092721359487
2104	9	0.040649098187842014
2104	10-14	0.06948205335928037
2104	15-19	0.06023062483276931
2104	20-24	0.04379313813642227
2104	25-29	0.03969778120950451
2104	30-34	-0.008644075583760014
2104	35-39	-0.019881651811118672
2104	40-44	-0.09497223930482335
2104	45-49	-0.14463484549786898
2104	50-54	-0.0946121607353092
2104	55-59	-0.09598480227657546
2104	60-64	-0.06930201698189364
2104	65-69	-0.10840474393660315
2104	70-74	-0.19800556141857584
2104	75-79	-0.2579357134756677
2104	80-84	-0.33094890614373185
2104	85-89	-0.48406954561122006
2104	90-94	-0.633908155242807
2104	95-99	-0.704847285953818
2104	100-104	-0.7991632872727443
2104	105-109	-0.9354915175173453
2104	110-114	-1.0243367024980046
2104	115-119	-1.0040330571024967
2104	120-124	-1.0816106297528094
2104	125-129	-1.111031000383793
2104	130-134	-1.2307659029772609
2104	135-139	-1.2797650959339713
2104	140-144	-1.3085274251009018
2104	145-149	-1.4217417766434437
2104	150	-1.4194724909096408
2105	1	-0.16487824067332468
2105	2	-0.12625828592668142
2105	3	-0.12139919347820438
2105	4	-0.012115018899393704
2105	5	-0.025695751253159926
2105	6	0.020864153433834076
2105	7	0.020707307670122077
2105	8	0.03303971712625042
2105	9	0.018758129446084126
2105	10-14	-0.019203947398963805
2105	15-19	-0.04472650830669522
2105	20-24	-0.051039337848486355
2105	25-29	-0.07851949480846798
2105	30-34	0.017008033795043787
2105	35-39	-0.11874953918224662
2105	40-44	-0.23989025947957998
2105	45-49	-0.38005228774257205
2105	50-54	-0.2841487361404589
2105	55-59	-0.17511984232177014
2105	60-64	-0.34608648852032076
2105	65-69	-0.2849482248390558
2105	70-74	-0.34192820621131403
2105	75-79	-0.48949681209062135
2105	80-84	-0.6085028520296447
2105	85-89	-0.6736002332119924
2105	90-94	-0.6646063596811693
2105	95-99	-0.9430605268631957
2105	100-104	-0.9697180076011982
2105	105-109	-1.0004643469824828
2105	110-114	-1.11328314607632
2105	115-119	-1.3589175263250652
2105	120-124	-1.4754336052326877
2105	125-129	-1.6368951772606124
2105	130-134	-1.4428489111495892
2105	135-139	-1.532977568905448
2105	140-144	-1.5789106981739565
2105	145-149	-1.665839816324219
2105	150	-1.7172903640743336
2106	1	-0.10810591968743921
2106	2	-0.16325774728340292
2106	3	-0.12041459952365585
2106	4	-0.022862898709554713
2106	5	-0.04027894074193483
2106	6	0.031046006052157793
2106	7	-0.03471717814529285
2106	8	0.015150156956536875
2106	9	0.06280853057302949
2106	10-14	0.021490691611333546
2106	15-19	-0.009942143529308112
2106	20-24	0.014438413306351094
2106	25-29	-0.10469582914966935
2106	30-34	-0.006508368723736169
2106	35-39	-0.015019236499085764
2106	40-44	-0.11518272917070504
2106	45-49	-0.1256074879703064
2106	50-54	-0.04581209201187875
2106	55-59	0.05877664781885272
2106	60-64	-0.0791217740609369
2106	65-69	-0.036772266845432
2106	70-74	-0.12226134631422525
2106	75-79	-0.17784212872173555
2106	80-84	-0.24262184902656259
2106	85-89	-0.3016670727189492
2106	90-94	-0.5075972319698394
2106	95-99	-0.4516419876517226
2106	100-104	-0.46528214803572965
2106	105-109	-0.6427736330743414
2106	110-114	-0.6674961139606239
2106	115-119	-0.8114857192443523
2106	120-124	-0.8752982695756053
2106	125-129	-0.9611413973601373
2106	130-134	-0.8944393254185812
2106	135-139	-0.9839877899655853
2106	140-144	-1.0463371690164465
2106	145-149	-1.0220279508460592
2106	150	-1.0110803391521834
2107	1	-0.18155137980811276
2107	2	-0.12978308381897818
2107	3	-0.10942664942322722
2107	4	-0.054637216259003196
2107	5	-0.04883523457134942
2107	6	-0.025018792173710835
2107	7	-0.01702886559526462
2107	8	0.008012960445533679
2107	9	-0.024257351577354314
2107	10-14	-0.010056472226196433
2107	15-19	0.005484840697413063
2107	20-24	0.032654500342047754
2107	25-29	-0.01829258000032752
2107	30-34	-0.042013505177578736
2107	35-39	-0.1399348432519858
2107	40-44	-0.14494938084243358
2107	45-49	-0.2138310497221525
2107	50-54	-0.20238623128609134
2107	55-59	-0.11271461192631449
2107	60-64	-0.09577136028467947
2107	65-69	-0.11422603950759935
2107	70-74	-0.11684783620480488
2107	75-79	-0.1274770389211355
2107	80-84	-0.14232711671196796
2107	85-89	-0.12712978346471004
2107	90-94	-0.21760064663609313
2107	95-99	-0.23159983823185115
2107	100-104	-0.40984331861873713
2107	105-109	-0.35797311156167666
2107	110-114	-0.4014704963898055
2107	115-119	-0.464866244168487
2107	120-124	-0.3233323189505519
2107	125-129	-0.35382414414284824
2107	130-134	-0.4485049170929898
2107	135-139	-0.4859200472967977
2107	140-144	-0.46976585449581165
2107	145-149	-0.6019185748509805
2107	150	-0.7303161003619358
2108	1	-0.16106189550652772
2108	2	-0.16721640813349126
2108	3	-0.11247884363628202
2108	4	-0.05969720759947705
2108	5	-0.04707878416992628
2108	6	-0.02996107407715698
2108	7	0.026780456187921686
2108	8	0.02209715047536065
2108	9	-0.024457833622044234
2108	10-14	-0.015289737706879691
2108	15-19	-0.00833680610983123
2108	20-24	-0.04248740245763116
2108	25-29	-0.11580152140028588
2108	30-34	-0.11229601357089791
2108	35-39	-0.2521723059044447
2108	40-44	-0.3418307805423666
2108	45-49	-0.32606909726622035
2108	50-54	-0.21449957680502507
2108	55-59	-0.26974566450090975
2108	60-64	-0.09690023243034318
2108	65-69	-0.0013987972198563625
2108	70-74	-0.02971492423365163
2108	75-79	-0.13467129975573755
2108	80-84	-0.06087139251092566
2108	85-89	-0.0212670336082752
2108	90-94	-0.12812767732363284
2108	95-99	-0.12370932137724111
2108	100-104	-0.04666714409501438
2108	105-109	-0.2240336216278891
2108	110-114	-0.06277473052985982
2108	115-119	-0.13471964056358132
2108	120-124	-0.1511121847565633
2108	125-129	-0.2958933977120033
2108	130-134	-0.3725719379428547
2108	135-139	-0.5596827130071631
2108	140-144	-0.49772972093644086
2108	145-149	-0.666482963505814
2108	150	-0.5868365477810435
2109	1	-0.24576776816380885
2109	2	-0.19535735314435243
2109	3	-0.1556809958554055
2109	4	-0.09936038509986389
2109	5	-0.06984515631263832
2109	6	-0.0021813046485164023
2109	7	-0.025796757197213083
2109	8	-0.04039714499016611
2109	9	0.0018112514581929418
2109	10-14	-0.051422212707365134
2109	15-19	-0.0576156499359044
2109	20-24	-0.0335540448124263
2109	25-29	-0.03765677508339138
2109	30-34	-0.08867891119627558
2109	35-39	-0.11149094497507406
2109	40-44	-0.05169383050843379
2109	45-49	-0.04937937552388405
2109	50-54	-0.012490086932054112
2109	55-59	-0.0069701857063222405
2109	60-64	-0.025176932484633596
2109	65-69	-0.0840201325393366
2109	70-74	-0.1193603314009195
2109	75-79	-0.0733236285965333
2109	80-84	-0.07577409864936158
2109	85-89	0.0025755511150009625
2109	90-94	2.984274502466633E-4
2109	95-99	-0.025697579565239437
2109	100-104	-0.030218923755249705
2109	105-109	0.016629371473094068
2109	110-114	0.010820872317104602
2109	115-119	-0.0717448661952993
2109	120-124	-0.08382524589990581
2109	125-129	-0.082238673739365
2109	130-134	-0.13084899855463306
2109	135-139	-0.13466043570549502
2109	140-144	-0.2546930852056093
2109	145-149	-0.3474226896263488
2109	150	-0.29787583927528516
2110	1	-0.1970410084520111
2110	2	-0.13858957967732977
2110	3	-0.08955563685908885
2110	4	-0.04485542213316762
2110	5	-0.03512706289801315
2110	6	-0.030196117970433534
2110	7	-0.027404053010180007
2110	8	0.004003520097754176
2110	9	0.007054361248080454
2110	10-14	0.023866344757237812
2110	15-19	0.017417654845672814
2110	20-24	0.0550586422435515
2110	25-29	0.02499944500025464
2110	30-34	0.04231247289200013
2110	35-39	-0.04832442106717849
2110	40-44	-0.0696408250164211
2110	45-49	-0.019943491007325065
2110	50-54	0.005538532002802299
2110	55-59	-0.009169107457722703
2110	60-64	0.003290745250033922
2110	65-69	-0.06718151713146625
2110	70-74	-0.028442207755034588
2110	75-79	0.02946359365368778
2110	80-84	0.02600793389963485
2110	85-89	0.04902337698288761
2110	90-94	0.1319632634456127
2110	95-99	0.1548143365933683
2110	100-104	0.24586552225674296
2110	105-109	0.25413549330510676
2110	110-114	0.21976801798143697
2110	115-119	0.30589518015931105
2110	120-124	0.34750311606915574
2110	125-129	0.43055983485135485
2110	130-134	0.4998001675661925
2110	135-139	0.5541245695849781
2110	140-144	0.5780751921158966
2110	145-149	0.6297330517955295
2110	150	0.5732457408123857
2111	1	-0.15061886081625886
2111	2	-0.1222222101636703
2111	3	-0.12686921067064816
2111	4	-0.05755283425204283
2111	5	-0.0046743162891331735
2111	6	-0.001986319530686842
2111	7	-0.03898347623620424
2111	8	-0.0021770380885328677
2111	9	0.014772596124750237
2111	10-14	0.009354925703341621
2111	15-19	0.024220274295572608
2111	20-24	0.04822143352855335
2111	25-29	0.06377774892412447
2111	30-34	0.0923781409754767
2111	35-39	0.122408838016419
2111	40-44	0.1511134209825613
2111	45-49	0.1618655457412359
2111	50-54	0.15714580645659737
2111	55-59	0.13475970371306545
2111	60-64	0.130959116630045
2111	65-69	0.1613080361326098
2111	70-74	0.16482133082578798
2111	75-79	0.18002846241601844
2111	80-84	-0.07456415274526762
2111	85-89	-0.1374644336853308
2111	90-94	0.018171965817813884
2111	95-99	0.0557692286155671
2111	100-104	0.04870968115118046
2111	105-109	-0.08631230837232806
2111	110-114	-0.06257623309378957
2111	115-119	-0.18373227304946482
2111	120-124	-0.0674727325624005
2111	125-129	0.07818584852441646
2111	130-134	0.1752619630460508
2111	135-139	0.195468267575432
2111	140-144	-0.1230678396473266
2111	145-149	-0.33929561516914575
2111	150	-0.42773869957441946
2112	1	-0.17807146572472732
2112	2	-0.18308843856366508
2112	3	-0.14707856862097657
2112	4	-0.08243616383272467
2112	5	-0.01008533560715108
2112	6	0.015731541748984057
2112	7	-0.021810406263938376
2112	8	-0.029009263295023402
2112	9	-0.030809590752149063
2112	10-14	-0.0313742428798065
2112	15-19	-0.10417079484556524
2112	20-24	-0.24720454868982245
2112	25-29	-0.0540705546591127
2112	30-34	0.056413289919653664
2112	35-39	0.02198711999588454
2112	40-44	0.034865975437114116
2112	45-49	0.0796035087639595
2112	50-54	0.05852069753970568
2112	55-59	0.06978299496513785
2112	60-64	0.14022748035107924
2112	65-69	0.15222000402900449
2112	70-74	0.16732367172973994
2112	75-79	0.18784363073379495
2112	80-84	0.27022531483695644
2112	85-89	0.2966104933472806
2112	90-94	0.377753035758154
2112	95-99	0.31199994639575834
2112	100-104	0.39194274815831776
2112	105-109	0.42372867290034577
2112	110-114	0.43213879963213486
2112	115-119	0.3665765588387302
2112	120-124	0.41303548817440827
2112	125-129	0.40327385570770247
2112	130-134	0.43068784207872923
2112	135-139	0.48569605585511866
2112	140-144	0.3670181364324705
2112	145-149	0.4693247812761605
2112	150	0.6860223209750131
2113	1	-0.19357748457834134
2113	2	-0.17536755224516298
2113	3	-0.1615349982989258
2113	4	-0.07473542767698405
2113	5	-0.04006324821710905
2113	6	-0.03613038483712927
2113	7	0.0029750905673822103
2113	8	-0.022172875400080727
2113	9	-0.03360155981574309
2113	10-14	-0.002062485278578663
2113	15-19	0.019648768788130155
2113	20-24	0.04103674416711556
2113	25-29	0.017702478781060904
2113	30-34	-0.09517051755950234
2113	35-39	0.051896718868000846
2113	40-44	0.1887027116955693
2113	45-49	0.18094437557147813
2113	50-54	0.22370978244958195
2113	55-59	0.19835804387145117
2113	60-64	0.15065800123091577
2113	65-69	0.18154087137823893
2113	70-74	0.17925274615591036
2113	75-79	0.25443864404649474
2113	80-84	0.26992299679034915
2113	85-89	0.32589204444871456
2113	90-94	0.389273286812319
2113	95-99	0.34374275084292805
2113	100-104	0.3189716985063491
2113	105-109	0.35189314583909237
2113	110-114	0.46905972730064605
2113	115-119	0.4725007254350331
2113	120-124	0.5574817237444236
2113	125-129	0.4859870029578808
2113	130-134	0.6623733544584738
2113	135-139	0.7500957417375105
2113	140-144	0.7719065190576373
2113	145-149	0.9405446130851018
2113	150	1.0465072800968933
2114	1	-0.2200419478000697
2114	2	-0.21641908196775006
2114	3	-0.16528264154617034
2114	4	-0.05439127794203813
2114	5	-0.06205737486298801
2114	6	-0.06234630740964775
2114	7	-0.07814092205926926
2114	8	-5.198875382532719E-4
2114	9	-0.021250103432187473
2114	10-14	-0.006104731049838108
2114	15-19	-0.020399957085253106
2114	20-24	0.039929594172598115
2114	25-29	0.03774200809233008
2114	30-34	0.017455835758056537
2114	35-39	0.14698382273832067
2114	40-44	0.16213759509190595
2114	45-49	0.2453292121176318
2114	50-54	0.22559976107574897
2114	55-59	0.183464887282895
2114	60-64	0.21775311216565996
2114	65-69	0.19195139458189203
2114	70-74	0.23221004269592527
2114	75-79	0.2742498545413099
2114	80-84	0.3181158937274162
2114	85-89	0.3447265236781547
2114	90-94	0.4650105616729192
2114	95-99	0.5015351908447059
2114	100-104	0.597661444665146
2114	105-109	0.509242035659085
2114	110-114	0.5880386661316024
2114	115-119	0.5769816798683323
2114	120-124	0.5480603402352742
2114	125-129	0.680787350263671
2114	130-134	0.6586021872852577
2114	135-139	0.7331409441844237
2114	140-144	0.8414376911198076
2114	145-149	0.8559813825812732
2114	150	0.9330339166177737
2115	1	-0.2635415590471766
2115	2	-0.22494187477727223
2115	3	-0.1820172977973371
2115	4	-0.10561748398097848
2115	5	-7.28927770992982E-4
2115	6	-0.020103589379999676
2115	7	-0.0287936503368158
2115	8	-0.009511946621032052
2115	9	0.00676910051385704
2115	10-14	-0.026837072746445756
2115	15-19	-0.021810482235835593
2115	20-24	0.015039078238658021
2115	25-29	-0.026955153541983634
2115	30-34	0.05344324758655716
2115	35-39	0.11761550447138802
2115	40-44	0.07257192876981833
2115	45-49	0.14572074604891583
2115	50-54	0.13905535256597545
2115	55-59	0.07658181377617979
2115	60-64	0.045314876096242074
2115	65-69	0.017331437347891665
2115	70-74	0.05408143446774716
2115	75-79	0.12291741278198032
2115	80-84	0.10813274500497272
2115	85-89	0.11504950999333374
2115	90-94	0.09042222622919383
2115	95-99	0.11655488470967157
2115	100-104	0.06806174388679054
2115	105-109	-0.00848665539849236
2115	110-114	0.03951500162566646
2115	115-119	0.1306025161844353
2115	120-124	0.23199046191442463
2115	125-129	0.2260906800983662
2115	130-134	0.2162627437795308
2115	135-139	0.1461776746080261
2115	140-144	0.31043241635352814
2115	145-149	0.3526126406844732
2115	150	0.5582395198020542
2116	1	-0.3612202660747599
2116	2	-0.32908565333269024
2116	3	-0.24189355670527135
2116	4	-0.1324317189361679
2116	5	-0.07184427826691575
2116	6	-0.040731293304020255
2116	7	-0.08068586703224412
2116	8	-0.05237472162087187
2116	9	-0.02018379385523872
2116	10-14	-0.0913420080267926
2116	15-19	-0.12534660270774367
2116	20-24	-0.1025881022875268
2116	25-29	-0.10683226063714102
2116	30-34	-0.05426687901847771
2116	35-39	0.05627963053225926
2116	40-44	0.08867183126319134
2116	45-49	0.040446749287738726
2116	50-54	-0.07239540187561744
2116	55-59	-0.07465321489027588
2116	60-64	-0.07840253305131029
2116	65-69	-0.10013282491159714
2116	70-74	-0.05833670717497341
2116	75-79	-0.1092442761367991
2116	80-84	-0.031123297063714972
2116	85-89	-0.022363068693046273
2116	90-94	-0.011088349845259415
2116	95-99	0.02130845054286823
2116	100-104	0.07961518832101788
2116	105-109	-0.042628163395093566
2116	110-114	-0.004867093107073117
2116	115-119	0.004300404809079339
2116	120-124	-0.028689637641114984
2116	125-129	-0.024131969048642787
2116	130-134	0.07442674653910686
2116	135-139	0.08088263372836835
2116	140-144	0.06889450631128824
2116	145-149	0.06550396957570115
2116	150	0.10378202541344095
2201	1	-0.11494738299885654
2201	2	-0.0038602333442128156
2201	3	0.007712607494788415
2201	4	0.022834902335993945
2201	5	0.026194456545368894
2201	6	0.024781365085566165
2201	7	0.04982062105705154
2201	8	0.06593614940130976
2201	9	0.05089192401406706
2201	10-14	0.08787512636540384
2201	15-19	0.0726038024217246
2201	20-24	0.11202666818307705
2201	25-29	0.21320103919988753
2201	30-34	0.20416318555328417
2201	35-39	0.22623958334614258
2201	40-44	0.2424141163269482
2201	45-49	0.29356584226596283
2201	50-54	0.2875400181211063
2201	55-59	0.21096883134121924
2201	60-64	0.2854138904167698
2201	65-69	0.20534110113877801
2201	70-74	0.2649203375603264
2201	75-79	0.2896089630441523
2201	80-84	0.3426142026168435
2201	85-89	0.380036526878186
2201	90-94	0.45587927524449157
2201	95-99	0.4543454212345637
2201	100-104	0.4528739435938043
2201	105-109	0.46311858308016696
2201	110-114	0.4643811318496205
2201	115-119	0.4615908186272577
2201	120-124	0.5057150005122004
2201	125-129	0.5215332198235494
2201	130-134	0.552586706937074
2201	135-139	0.6412126108360212
2201	140-144	0.6488944486064092
2201	145-149	0.7118194718266011
2201	150	0.6143436670018438
2202	1	-0.13987210631026414
2202	2	-0.026138644859479143
2202	3	-0.02899349896636494
2202	4	0.029432608343363142
2202	5	0.05401397044703771
2202	6	0.06430971542904018
2202	7	0.07850134274260512
2202	8	0.07673575062191418
2202	9	0.08563042220115591
2202	10-14	0.10439272260732224
2202	15-19	0.14176654769025987
2202	20-24	0.1571503666395273
2202	25-29	0.16460379425591043
2202	30-34	0.1956647557977007
2202	35-39	0.21369451338786405
2202	40-44	0.20506181333549733
2202	45-49	0.2870304202615017
2202	50-54	0.23978962328500586
2202	55-59	0.18419378781319296
2202	60-64	0.24590930101597053
2202	65-69	0.2901623076284494
2202	70-74	0.3851119822017708
2202	75-79	0.4065743772226682
2202	80-84	0.47212959060776427
2202	85-89	0.5284494475732586
2202	90-94	0.5737551885241245
2202	95-99	0.6867217278336355
2202	100-104	0.7564306533806793
2202	105-109	0.6721468313021433
2202	110-114	0.7241846440202764
2202	115-119	0.7585354141755758
2202	120-124	0.8006843539516737
2202	125-129	0.902919453441136
2202	130-134	0.995398212895509
2202	135-139	1.0553159436368382
2202	140-144	1.1677625581858067
2202	145-149	1.2876164745100702
2202	150	1.4315780348293252
2203	1	-0.17408484138833558
2203	2	-0.06596883322967528
2203	3	-0.038179964663790145
2203	4	-0.005126455697336496
2203	5	0.032497027254912325
2203	6	0.020731331915442297
2203	7	0.0637243507988785
2203	8	0.05566006353552666
2203	9	0.10689596357375564
2203	10-14	0.06977374899186373
2203	15-19	0.12211610789839256
2203	20-24	0.1572729157199575
2203	25-29	0.19801343329451981
2203	30-34	0.23242275437119275
2203	35-39	0.26437394355697563
2203	40-44	0.2367256119201997
2203	45-49	0.2798271252845339
2203	50-54	0.2759992780083209
2203	55-59	0.20895284659258095
2203	60-64	0.24886092713654762
2203	65-69	0.26297308916795714
2203	70-74	0.2719811882336245
2203	75-79	0.34093207163220995
2203	80-84	0.3746646044534785
2203	85-89	0.4927618052756131
2203	90-94	0.6379953519626085
2203	95-99	0.6507692822374409
2203	100-104	0.761656609762337
2203	105-109	0.7535768237129261
2203	110-114	0.7193164574935338
2203	115-119	0.48902968553963433
2203	120-124	0.8662489557813231
2203	125-129	0.9299311519396269
2203	130-134	1.0782405971079676
2203	135-139	1.2101096030496663
2203	140-144	1.3139399848338087
2203	145-149	1.4062507347459459
2203	150	1.616080539665024
2204	1	-0.12612604243830106
2204	2	-0.05113138990561339
2204	3	-0.006173874069723695
2204	4	0.04659823791828188
2204	5	0.05792040546489119
2204	6	0.06579256308318548
2204	7	0.08106293651952257
2204	8	0.051461763412270045
2204	9	0.1127541521634754
2204	10-14	0.09191262714727344
2204	15-19	0.10057420594022659
2204	20-24	0.1328900413435008
2204	25-29	0.2018263598913066
2204	30-34	0.27628097366703486
2204	35-39	0.32028273278535835
2204	40-44	0.3272419564245794
2204	45-49	0.028830951946837047
2204	50-54	0.09186050087837572
2204	55-59	0.2688004106303694
2204	60-64	0.27837671623519356
2204	65-69	0.3443876240153614
2204	70-74	0.36718782225570834
2204	75-79	0.4143014741086901
2204	80-84	0.43147874370760064
2204	85-89	0.5288613029492737
2204	90-94	0.5920673292175778
2204	95-99	0.6747389483411936
2204	100-104	0.7187691960954687
2204	105-109	0.6508416584899805
2204	110-114	0.7246424574553245
2204	115-119	0.8434714371433003
2204	120-124	0.9078151741737983
2204	125-129	0.8055176886420554
2204	130-134	0.6142558756294747
2204	135-139	0.9702175948330805
2204	140-144	1.1141978693626235
2204	145-149	1.185329799606297
2204	150	1.2815890464908648
2205	1	-0.16789179322007897
2205	2	-0.0496721879928117
2205	3	-0.027720613031867458
2205	4	0.010133429351114387
2205	5	0.03507798235184367
2205	6	0.07190089597614246
2205	7	0.07140513249238012
2205	8	0.06307731889983614
2205	9	0.10977525487813011
2205	10-14	0.09747516301457182
2205	15-19	0.12766099852599666
2205	20-24	0.12569710243679566
2205	25-29	0.12235836162683711
2205	30-34	0.19178941076635425
2205	35-39	0.16495066309318673
2205	40-44	0.18426152710180332
2205	45-49	0.23684656713982832
2205	50-54	0.11425892285664219
2205	55-59	0.07003248393823469
2205	60-64	0.1548582265598739
2205	65-69	0.22481935726192148
2205	70-74	0.18857270065226572
2205	75-79	0.21932939612821656
2205	80-84	0.24636733144259182
2205	85-89	0.2387405107213567
2205	90-94	0.3827829853885163
2205	95-99	0.4440970061163867
2205	100-104	0.5336909277566839
2205	105-109	0.4167650784054544
2205	110-114	0.5052359933235522
2205	115-119	0.5524520157296422
2205	120-124	0.3010264405128247
2205	125-129	0.5357129411338732
2205	130-134	0.6826261632816681
2205	135-139	0.7704382800733249
2205	140-144	0.7956705884347066
2205	145-149	0.9927957239417289
2205	150	0.9223789983649588
2206	1	-0.0974222854103175
2206	2	-0.05369901042444525
2206	3	0.01640154935956417
2206	4	0.01086000467336845
2206	5	0.0405558808157096
2206	6	0.09592721128032622
2206	7	0.05508969000062791
2206	8	0.09467181979422179
2206	9	0.07976483571424353
2206	10-14	0.08194696672858726
2206	15-19	0.11384334311448896
2206	20-24	0.12185708731517764
2206	25-29	0.1480977995452193
2206	30-34	0.1842309989051003
2206	35-39	0.059311129281617525
2206	40-44	0.017941474360547716
2206	45-49	0.16193637480022005
2206	50-54	0.227712875684567
2206	55-59	0.16031776617771953
2206	60-64	0.1660903618430325
2206	65-69	0.22526046593472415
2206	70-74	0.17060545186475906
2206	75-79	0.06721555062689788
2206	80-84	0.2835436919272212
2206	85-89	0.43514138113646794
2206	90-94	0.45300091188269676
2206	95-99	0.5605281658707568
2206	100-104	0.6305438331359206
2206	105-109	0.6015710330037152
2206	110-114	0.7183457910257971
2206	115-119	0.6986714728266463
2206	120-124	0.6942479906631185
2206	125-129	0.7191548612105905
2206	130-134	0.9397507506643414
2206	135-139	0.9701828261481573
2206	140-144	1.0305325114619777
2206	145-149	1.0614003397235372
2206	150	1.1243480359292697
2207	1	-0.1867987085185021
2207	2	-0.11799949481600436
2207	3	-0.07469543828583625
2207	4	-0.023978634466800486
2207	5	0.004424738573817422
2207	6	0.022334394916548206
2207	7	0.016781875562053017
2207	8	0.008578706330609975
2207	9	0.10167654239827328
2207	10-14	0.07513962527293927
2207	15-19	0.11289471524034411
2207	20-24	0.15063070675168433
2207	25-29	0.14716580926157974
2207	30-34	0.14819930191840314
2207	35-39	0.17670782172863397
2207	40-44	0.1763636603497929
2207	45-49	0.20799103166180544
2207	50-54	0.232507686657776
2207	55-59	0.27587296257258487
2207	60-64	0.1358438878238175
2207	65-69	0.06203372409783725
2207	70-74	0.24142269030995323
2207	75-79	0.3145069033580796
2207	80-84	0.40176304192033285
2207	85-89	0.4143863197437625
2207	90-94	0.47675834532044803
2207	95-99	0.5228487769932215
2207	100-104	0.5334262719214671
2207	105-109	-0.03772724096511837
2207	110-114	0.4491805702449696
2207	115-119	0.5571807447181527
2207	120-124	0.5958159647274925
2207	125-129	0.5932274106123465
2207	130-134	0.6745850164950049
2207	135-139	0.690936984357382
2207	140-144	0.7500333362111071
2207	145-149	0.8295963495539738
2207	150	1.0177151039580004
2208	1	-0.18952223918342526
2208	2	-0.1432061539913434
2208	3	-0.05753685222683913
2208	4	-0.022847392061372318
2208	5	8.858630593948646E-4
2208	6	-0.39908071641562515
2208	7	-0.11674884421807263
2208	8	-0.03652355578847022
2208	9	0.030295580917659493
2208	10-14	0.028332887831815867
2208	15-19	0.08920911879741311
2208	20-24	0.13446566650788583
2208	25-29	0.12416302698584758
2208	30-34	0.10817704736989242
2208	35-39	0.18807501355021827
2208	40-44	0.02151909017619147
2208	45-49	0.25941865089141203
2208	50-54	0.23453747703163685
2208	55-59	-0.01791217588746008
2208	60-64	-0.022874198979891958
2208	65-69	0.13347969372961188
2208	70-74	0.19184675192048672
2208	75-79	0.221467301416439
2208	80-84	0.3107382812207291
2208	85-89	0.25544436169092677
2208	90-94	0.4203944496224139
2208	95-99	0.47495916467403987
2208	100-104	0.568364861619461
2208	105-109	0.5212638617870766
2208	110-114	0.49568562780599024
2208	115-119	0.5852804494842303
2208	120-124	0.5828932403099358
2208	125-129	0.6768370362074556
2208	130-134	0.80586916063206
2208	135-139	0.8884370049295853
2208	140-144	0.9261400062668557
2208	145-149	1.0025385581304747
2208	150	1.1465032459592095
2209	1	-0.3319033158796003
2209	2	-0.27470042703362907
2209	3	-0.20375504052201165
2209	4	-0.06759450331188077
2209	5	-0.04700683089425439
2209	6	-0.03592472180316264
2209	7	-0.09740458051980738
2209	8	-0.036587139967501514
2209	9	0.020069380200752107
2209	10-14	-0.13157519838425458
2209	15-19	-0.04238374029169023
2209	20-24	-0.00806877645089088
2209	25-29	0.029276774394851657
2209	30-34	0.08128640135667098
2209	35-39	0.08080095289946598
2209	40-44	0.08749762114118198
2209	45-49	0.14308505731129628
2209	50-54	0.1518569820288036
2209	55-59	0.03844916648053953
2209	60-64	0.03179031193855053
2209	65-69	0.02952080416208247
2209	70-74	0.06606302087015337
2209	75-79	0.07903852639620368
2209	80-84	0.1900678288498625
2209	85-89	0.2791906477736745
2209	90-94	0.25065812424586653
2209	95-99	0.38620015462264234
2209	100-104	0.5698909532446699
2209	105-109	0.3980662338030285
2209	110-114	0.43399564592136386
2209	115-119	0.5103906875356543
2209	120-124	0.49045721017185073
2209	125-129	0.5917431343989534
2209	130-134	0.6668068418189534
2209	135-139	0.607785069412909
2209	140-144	0.8027259882786453
2209	145-149	0.26854288959887995
2209	150	-0.4469342655679682
2210	1	-0.23127343320038563
2210	2	-0.12107042099706433
2210	3	-0.08588173508748298
2210	4	-0.023929801724371202
2210	5	-0.004051174925123746
2210	6	0.01596725862137305
2210	7	0.01958898312895485
2210	8	-0.28981697751935087
2210	9	-0.10814451937392988
2210	10-14	-0.010105179576584078
2210	15-19	0.0362908143347056
2210	20-24	0.07013494700612455
2210	25-29	0.10182672289229089
2210	30-34	0.11742167426840666
2210	35-39	0.1313202458856182
2210	40-44	0.1480859147703697
2210	45-49	0.19224375671706895
2210	50-54	0.18139184188343904
2210	55-59	0.1537359066709456
2210	60-64	0.19540155176287044
2210	65-69	0.17224180473187545
2210	70-74	0.21599824962201808
2210	75-79	0.2630725605858899
2210	80-84	0.30730002159416614
2210	85-89	0.3423899707940592
2210	90-94	0.4553770785348874
2210	95-99	0.5434394516446872
2210	100-104	0.573434660965841
2210	105-109	0.5957847102118876
2210	110-114	0.48481908215961056
2210	115-119	0.6197946296496113
2210	120-124	0.8472550468225322
2210	125-129	0.841387246711502
2210	130-134	0.8715306336511759
2210	135-139	0.8888759768703665
2210	140-144	0.8659185387385442
2210	145-149	0.942577963860348
2210	150	0.9497090323096273
2211	1	-0.3347401208191272
2211	2	-0.26080833416780536
2211	3	-0.18534728388321042
2211	4	-0.09658629365706872
2211	5	-0.0760491826288785
2211	6	-0.030541137671797003
2211	7	-0.03736187721298734
2211	8	-0.017652050107429318
2211	9	-0.0282539153424608
2211	10-14	-0.043908139515700384
2211	15-19	-0.023025238923253255
2211	20-24	-0.12633440442209576
2211	25-29	-0.061756830319716016
2211	30-34	-0.31599919440071034
2211	35-39	-0.03502980308208237
2211	40-44	0.019892609323704846
2211	45-49	0.06709289412601294
2211	50-54	-0.028499015296866048
2211	55-59	-0.05803044160448678
2211	60-64	-0.1015726359228637
2211	65-69	-0.10560425828097664
2211	70-74	-0.05218157998353945
2211	75-79	-0.020848658503631157
2211	80-84	0.014636270085865988
2211	85-89	0.041437531714869635
2211	90-94	0.19052336710781503
2211	95-99	0.13793342964986977
2211	100-104	0.29976374068855094
2211	105-109	0.1613748667941124
2211	110-114	0.2472858576125745
2211	115-119	0.2631013222461114
2211	120-124	0.274268396287372
2211	125-129	0.2722432667965613
2211	130-134	0.2339023222376717
2211	135-139	0.31926551943535486
2211	140-144	0.21493797834032335
2211	145-149	0.3124478319797106
2211	150	0.17648972263116391
2212	1	-0.28565090142017624
2212	2	-0.2207159420777174
2212	3	-0.10987102767983004
2212	4	-0.05574638235371765
2212	5	-0.027113120361967447
2212	6	-0.0403981440109078
2212	7	-0.01893750579831277
2212	8	-0.07127195053822533
2212	9	-0.020480187240430325
2212	10-14	0.032631133571037196
2212	15-19	0.028743547803784963
2212	20-24	0.02343117032087605
2212	25-29	-0.005557065244296666
2212	30-34	5.353976581048414E-4
2212	35-39	-0.03719439711758099
2212	40-44	0.0033074081667194832
2212	45-49	0.08642275941046762
2212	50-54	0.0637098482757068
2212	55-59	0.04170879482891365
2212	60-64	0.020707817568784037
2212	65-69	-0.0059760758230567035
2212	70-74	-0.024867872274690228
2212	75-79	0.06593750919931551
2212	80-84	0.1113914013892554
2212	85-89	0.1487705617114372
2212	90-94	0.12122900848417828
2212	95-99	0.12700968288244496
2212	100-104	0.21394270379369473
2212	105-109	0.20870889140874027
2212	110-114	0.22395970523437825
2212	115-119	0.34038485268060015
2212	120-124	0.22689890264884127
2212	125-129	0.27953079627818056
2212	130-134	0.25946912531890476
2212	135-139	0.33249621808630536
2212	140-144	0.3610974051793612
2212	145-149	0.2114327444465438
2212	150	0.027277340208243572
2213	1	-0.34052955170307797
2213	2	-0.19304274684282774
2213	3	-0.14631291079069086
2213	4	-0.06891606685128693
2213	5	-0.07179847254425198
2213	6	-0.03209592661573879
2213	7	-0.02474226016390446
2213	8	-0.0661603580240211
2213	9	-0.07089225569907143
2213	10-14	-0.06915342856105156
2213	15-19	-0.07359348297876522
2213	20-24	-0.014453059831907922
2213	25-29	-0.0697620485476591
2213	30-34	-0.07779242873206016
2213	35-39	-0.07264648573524823
2213	40-44	0.07131261200826344
2213	45-49	0.1121760320778975
2213	50-54	-0.006055207264161311
2213	55-59	-0.04914869629046592
2213	60-64	-0.032987847556995575
2213	65-69	0.011005617945315294
2213	70-74	-0.023995222818079753
2213	75-79	0.0020829940756499354
2213	80-84	0.11200744324657563
2213	85-89	0.050629284445719236
2213	90-94	0.2297957544911995
2213	95-99	0.2770237473190491
2213	100-104	0.24071788475123057
2213	105-109	0.3159248068814833
2213	110-114	0.3193410516893067
2213	115-119	0.35459171124218614
2213	120-124	0.4540929791769521
2213	125-129	0.565263431338284
2213	130-134	0.6688746977658901
2213	135-139	0.7876715986807028
2213	140-144	0.72739730584928
2213	145-149	0.6799754344067814
2213	150	0.7868638164710866
2214	1	-0.29723470163092713
2214	2	-0.20133595735228482
2214	3	-0.19334629455514118
2214	4	-0.05850517448503467
2214	5	-0.013012826230529129
2214	6	0.009963534228006665
2214	7	-0.008277884979037253
2214	8	-0.026717346293828825
2214	9	-0.014990869488975989
2214	10-14	-0.017124160240705066
2214	15-19	-0.009046318855240543
2214	20-24	0.01355351542874672
2214	25-29	0.0044585921764266345
2214	30-34	-0.11962409903537008
2214	35-39	-0.17463433501643522
2214	40-44	-0.13646500092075087
2214	45-49	-0.1387266912971583
2214	50-54	-0.11158560815850649
2214	55-59	-0.17766446207963327
2214	60-64	-0.18333896912182723
2214	65-69	-0.12302523985309932
2214	70-74	0.051055386277099046
2214	75-79	0.022843751166163884
2214	80-84	0.038068419858944935
2214	85-89	0.04184097325199332
2214	90-94	0.04592769062101354
2214	95-99	0.06237508150728388
2214	100-104	0.02137377597876622
2214	105-109	0.1083095059343151
2214	110-114	0.15055723866182547
2214	115-119	0.06929795547181783
2214	120-124	0.15453863783228172
2214	125-129	0.15021552492282098
2214	130-134	0.24817729299991242
2214	135-139	0.16437836454642962
2214	140-144	0.1436442381660541
2214	145-149	0.18923537266094925
2214	150	0.16336510307893093
2215	1	-0.315140003735209
2215	2	-0.17885954938243742
2215	3	-0.16423025433809357
2215	4	-0.03743068002326311
2215	5	0.004067438003161783
2215	6	-0.04881463237009598
2215	7	-0.005857287661406474
2215	8	0.0019468226248875453
2215	9	-0.01759274156282231
2215	10-14	-0.007407076265124601
2215	15-19	0.01331457550372761
2215	20-24	-0.03430558677052176
2215	25-29	-0.010425565545439497
2215	30-34	0.015854828224284745
2215	35-39	0.10723014809338594
2215	40-44	0.1395992716204617
2215	45-49	0.16071344805774856
2215	50-54	0.1932983778439663
2215	55-59	0.1612769561232028
2215	60-64	0.16848121961441365
2215	65-69	0.1728557379208766
2215	70-74	0.14574358815707456
2215	75-79	0.213077487123023
2215	80-84	0.23943814059519752
2215	85-89	0.30893297164485034
2215	90-94	0.3895743958611533
2215	95-99	0.27962259674598755
2215	100-104	0.3783374131951156
2215	105-109	0.36041539513431076
2215	110-114	0.3695543622695112
2215	115-119	0.3655164172648071
2215	120-124	0.5140041898123044
2215	125-129	0.5588499180664535
2215	130-134	0.5652379479857217
2215	135-139	0.6062852475770732
2215	140-144	0.7258381824905591
2215	145-149	0.7605420022116043
2215	150	0.6961950831447083
2216	1	-0.30169492388215247
2216	2	-0.24794105826802593
2216	3	-0.19809000706426616
2216	4	-0.06149044896032052
2216	5	-0.012823358558975428
2216	6	-0.003782760621312775
2216	7	-0.0372676776778178
2216	8	0.005971861198098338
2216	9	0.02316513880666804
2216	10-14	-0.032048265796369435
2216	15-19	-0.05786884771315215
2216	20-24	-0.01882064986268972
2216	25-29	-0.032965636815418975
2216	30-34	-0.01892879994442609
2216	35-39	0.03586902033718076
2216	40-44	0.04823865769127167
2216	45-49	0.09583352436467862
2216	50-54	0.04451155236856863
2216	55-59	-0.0245314312705176
2216	60-64	0.032745491702470986
2216	65-69	0.0435678515012512
2216	70-74	0.026637835320897807
2216	75-79	0.06059487039745193
2216	80-84	0.06176424995494045
2216	85-89	0.1469910890984778
2216	90-94	0.17765675726536045
2216	95-99	0.18448955173474957
2216	100-104	0.1931355949711957
2216	105-109	0.08672746326632108
2216	110-114	0.04707642064605011
2216	115-119	0.25784078250752174
2216	120-124	0.24663976777361185
2216	125-129	0.29331558863241014
2216	130-134	0.43952568242833934
2216	135-139	0.5651640336137191
2216	140-144	0.5341190113876166
2216	145-149	0.5423436244575619
2216	150	0.5855485874449329
>>END_MODULE
>>Per sequence quality scores	pass
#Quality	Count
3	1.0
4	28.0
5	204.0
6	868.0
7	2017.0
8	2865.0
9	3332.0
10	3774.0
11	4066.0
12	4365.0
13	4662.0
14	5038.0
15	5474.0
16	6001.0
17	6521.0
18	7079.0
19	7710.0
20	8964.0
21	10394.0
22	12211.0
23	14294.0
24	17503.0
25	21927.0
26	28363.0
27	37576.0
28	46928.0
29	55159.0
30	64534.0
31	77445.0
32	97299.0
33	130358.0
34	210969.0
35	543100.0
36	1127854.0
37	198380.0
38	1135.0
>>END_MODULE
>>Per base sequence content	warn
#Base	G	A	T	C
1	41.20166835756961	20.79622740765791	13.560282857712686	24.441821377059796
2	16.456736490064742	18.971888815275655	37.98513992013646	26.58623477452314
3	21.473318959149164	23.992870944076138	28.84598226622053	25.68782783055416
4	14.809165048094794	17.15280414190646	35.91781062402041	32.12022018597833
5	15.341568935268082	33.74683525099634	34.66003849895264	16.251557314782943
6	31.491523905303552	34.962301174457856	18.139543452628658	15.406631467609932
7	25.643117944449983	29.372147256815158	22.401086841873322	22.583647956861537
8	25.217129341322558	34.02183069185189	19.403582435460823	21.35745753136473
9	23.774110514456375	16.094723374312508	20.54054366460314	39.590622446627975
10-14	26.69532343254113	21.25294845611072	25.230526824538956	26.821201286809192
15-19	25.52639468746907	25.981350947371006	23.705327051962904	24.78692731319702
20-24	25.38635713112266	24.639607351141667	24.66310831408152	25.31092720365416
25-29	25.469565030809456	24.538400035313597	24.65037333222172	25.34166160165523
30-34	25.485561272397135	24.533999385473848	24.523429766834788	25.457009575294226
35-39	25.469969105473368	24.40607636910813	24.6995964081401	25.424358117278402
40-44	25.269437395182266	24.31790260197973	24.85187879334357	25.560781209494436
45-49	25.07967042534679	24.359453826413052	25.029808220175774	25.531067528064376
50-54	24.866601315953744	24.354789347987925	25.081705249018583	25.69690408703975
55-59	24.83048852176744	24.299733643654957	24.897473143840735	25.97230469073687
60-64	24.74699549131347	24.369447448397253	24.78678758125573	26.09676947903355
65-69	24.86660891816932	24.358713533015983	24.45522673268972	26.319450816124977
70-74	24.69463804896065	24.323504025362823	24.54769440664108	26.434163519035447
75-79	24.758086354833463	24.29199689374845	24.436341640273067	26.51357511114502
80-84	24.533073078075276	24.25883394102753	24.63821229089031	26.56988069000688
85-89	24.591462918081447	24.018754101990133	24.67635148810429	26.71343149182413
90-94	24.507138507302383	23.84844115301698	24.841245274064516	26.803175065616113
95-99	24.45375362458429	23.753269811991636	24.993310988699815	26.79966557472426
100-104	24.318991223348334	23.925302724757643	25.027192663652727	26.728513388241293
105-109	24.178977076291293	24.474358990106275	24.86517176145436	26.481492172148073
110-114	24.010756755214096	24.957810731539553	24.652636210628074	26.378796302618273
115-119	23.86606527700069	25.25961589592302	24.575170047580954	26.299148779495336
120-124	23.77752420112517	25.406449144330516	24.525434842857774	26.290591811686536
125-129	23.687533689592	25.651072023498134	24.442960816001744	26.218433470908124
130-134	23.6850002673028	25.710050151784642	24.298178439789684	26.306771141122876
135-139	23.62497483200203	25.87771564233246	24.252717258791606	26.2445922668739
140-144	23.61888895591592	25.961972554959257	24.14524942303573	26.273889066089097
145-149	23.575485145281696	25.97743201174998	24.149763071523576	26.297319771444755
150	23.643680091606747	26.11872393533344	24.022858340061156	26.21473763299866
>>END_MODULE
>>Per sequence GC content	warn
#GC Content	Count
0	0.0
1	0.0
2	0.0
3	0.0
4	0.0
5	0.0
6	0.0
7	0.0
8	0.0
9	0.0
10	0.0
11	0.0
12	0.0
13	0.0
14	0.0
15	5.0
16	14.0
17	20.5
18	27.0
19	54.0
20	80.5
21	127.5
22	233.5
23	431.5
24	696.0
25	1019.0
26	1477.5
27	2163.5
28	3098.5
29	4228.5
30	5394.5
31	6635.0
32	8209.5
33	9865.0
34	11690.0
35	14160.0
36	16841.0
37	19656.5
38	23052.0
39	27438.5
40	33099.5
41	39296.5
42	46391.0
43	55462.0
44	66047.5
45	77944.5
46	91437.0
47	107671.5
48	125265.5
49	142361.5
50	159993.5
51	175196.5
52	184831.5
53	189020.0
54	186042.0
55	175237.5
56	158079.0
57	137589.0
58	115886.0
59	93722.5
60	73255.0
61	55616.5
62	40517.0
63	28241.0
64	19452.0
65	13107.5
66	8460.0
67	5193.5
68	2954.5
69	1757.5
70	1099.5
71	643.0
72	385.5
73	234.5
74	135.5
75	68.0
76	33.5
77	18.0
78	11.5
79	8.5
80	5.5
81	3.5
82	2.0
83	1.0
84	0.5
85	0.0
86	0.5
87	0.5
88	0.0
89	0.0
90	0.0
91	0.0
92	0.0
93	0.0
94	0.0
95	0.0
96	0.0
97	0.0
98	0.0
99	0.0
100	0.0
>>END_MODULE
>>Per base N content	pass
#Base	N-Count
1	0.02333479506920609
2	0.006357467387275962
3	3.250977641220663E-4
4	3.973417117047476E-4
5	3.973417117047476E-4
6	0.0051293202783703785
7	3.6121973791340695E-4
8	7.22439475826814E-5
9	0.0
10-14	0.0
15-19	0.0
20-24	2.8897579033072556E-5
25-29	0.0021456452432056373
30-34	0.003113714140813568
35-39	0.00741945341674138
40-44	0.009377264396232045
45-49	0.013350681513279523
50-54	0.00559168154289954
55-59	5.0570763307876973E-5
60-64	3.1064897460552997E-4
65-69	0.0026007821129765303
70-74	0.004544144302950659
75-79	0.010937733664017964
80-84	0.016211541837553703
85-89	0.0192963583993342
90-94	0.01735299620936007
95-99	0.015366287650836334
100-104	0.01343737425037874
105-109	0.011580704797503828
110-114	0.010005786740201372
115-119	0.008365849130074505
120-124	0.00648750649292479
125-129	0.003966192722289209
130-134	7.22439475826814E-5
135-139	5.0570763307876973E-5
140-144	0.00104753723994888
145-149	0.0018783426371497163
150	0.0015532448730276498
>>END_MODULE
>>Sequence Length Distribution	pass
#Length	Count
150	2768398.0
>>END_MODULE
>>Sequence Duplication Levels	warn
#Total Deduplicated Percentage	60.903740824200725
#Duplication Level	Percentage of total
1	41.8587043878882
2	21.1756993738449
3	12.556083952408043
4	7.540203764433941
5	4.883885390260821
6	3.1488247682314876
7	2.1084910756042414
8	1.4797274465216856
9	1.0998246256801414
>10	3.8213268111012013
>50	0.24704145235091424
>100	0.08018695167439555
>500	0.0
>1k	0.0
>5k	0.0
>10k+	0.0
>>END_MODULE
>>Overrepresented sequences	pass
>>END_MODULE
>>Adapter Content	fail
#Position	Illumina Universal Adapter	Illumina Small RNA 3' Adapter	Illumina Small RNA 5' Adapter	Nextera Transposase Sequence	PolyA	PolyG
1	0.0	0.0	0.0	0.0	0.0	0.0
2	0.0	0.0	0.0	0.0	0.0	0.0
3	0.0	0.0	0.0	0.0	0.0	0.0
4	0.0	0.0	0.0	0.0	0.0	0.0
5	0.0	0.0	0.0	0.0	0.0	0.0
6	0.0	0.0	0.0	0.0	0.0	0.0
7	0.0	0.0	0.0	3.61219737913407E-5	0.0	0.0
8	0.0	0.0	0.0	3.61219737913407E-5	0.0	0.0
9	0.0	0.0	0.0	1.0836592137402209E-4	0.0	0.0
10-11	0.0	0.0	0.0	1.6254888206103314E-4	0.0	0.0
12-13	0.0	0.0	0.0	1.8060986895670347E-4	0.0	1.806098689567035E-5
14-15	0.0	0.0	0.0	2.1673184274804418E-4	0.0	1.444878951653628E-4
16-17	0.0	0.0	0.0	2.1673184274804418E-4	0.0	3.0703677722639593E-4
18-19	0.0	0.0	0.0	2.709148034350552E-4	0.0	4.334636854960883E-4
20-21	0.0	0.0	0.0	3.431587510177366E-4	1.806098689567035E-5	5.960125675571215E-4
22-23	0.0	0.0	0.0	5.598905937657809E-4	3.61219737913407E-5	7.405004627224843E-4
24-25	0.0	0.0	0.0	9.933542792618692E-4	7.22439475826814E-5	9.752932923661988E-4
26-27	0.0	0.0	0.0	0.003269038628116333	7.22439475826814E-5	0.0012100861220099134
28-29	0.0	0.0	0.0	0.02333479506920609	9.030493447835175E-5	0.0015893668468189906
30-31	0.0	0.0	0.0	0.08140086793878626	7.585614496181546E-4	0.0019867085585237383
32-33	0.0	0.0	0.0	0.209344899107715	0.0013365130302796058	0.0022034404012717824
34-35	0.0	0.0	0.0	0.3836514836378295	0.001408756977862287	0.002998123824681278
36-37	0.0	0.0	0.0	0.6282333681789973	0.001462939938549298	0.0033954655363860253
38-39	0.0	0.0	0.0	0.9587133063959734	0.00155324487302765	0.003973417117047477
40-41	0.0	0.0	0.0	1.2838291315049353	0.0016254888206103314	0.004298514881169543
42-43	0.0	0.0	0.0	1.6101911647096985	0.0017699767157756943	0.004605551658395939
44-45	0.0	0.0	0.0	1.9959557838143214	0.001878342637149716	0.00516544225216172
46-47	0.0	0.0	0.0	2.412965910248454	0.001968647571628068	0.005616966924553478
48-49	0.0	0.0	0.0	2.8274113765434015	0.0021131354667934307	0.006176857518319259
50-51	0.0	0.0	0.0	3.2130315077528593	0.0022756843488544636	0.006538077256232666
52-53	0.0	0.0	0.0	3.5849614108953984	0.0024021112571241563	0.006899296994146073
54-55	0.0	0.0	0.0	3.9762707529769923	0.002546599152289519	0.007332760679642161
56-57	0.0	0.0	0.0	4.401841787199674	0.002817513955724574	0.007874590286512273
58-59	0.0	0.0	0.0	4.82154300068126	0.0030884287591596295	0.00823581002442568
60-61	0.0	0.0	0.0	5.2242849474678135	0.003323221588803344	0.00879570061819146
62-63	0.0	0.0	0.0	5.624064892403476	0.0038108682349864433	0.009193042329896208
64-65	0.0	0.0	0.0	6.032748903878705	0.004045661064630158	0.010059969700888384
66-67	0.0	0.0	0.0	6.464027209960418	0.004244331920482532	0.010764348189819528
68-69	0.0	0.0	0.0	6.896353053282079	0.0045333077108132575	0.011450665691855001
70-71	0.0	0.0	0.0	7.320063805854505	0.004840344488039654	0.011811885429768408
72-73	0.0	0.0	0.0	7.726002547321592	0.005093198304579038	0.012173105167681815
74-75	0.0	0.0	0.0	8.129214079767433	0.005508601003179457	0.012714934774551925
76-77	0.0	0.0	0.0	8.552906771352962	0.005905942714884203	0.013274825368317707
78-79	0.0	0.0	0.0	8.983859979670553	0.006321345413484622	0.013636045106231114
80-81	0.0	0.0	0.0	9.415734298319823	0.006646443177606688	0.01401532583104019
82-83	0.0	0.0	0.0	9.836302439172403	0.006863175020354733	0.014268179647579576
84-85	0.0	0.0	0.0	10.242548217416715	0.007097967849998447	0.014719704319971334
86-87	0.0	0.0	0.0	10.662971870374129	0.007368882653433502	0.01509898504478041
88-89	0.0	0.0	0.0	11.091306235591848	0.007675919430659898	0.015460204782693818
90-91	0.0	0.0	0.0	11.516082586391118	0.008091322129260316	0.016164583271624962
92-93	0.0	0.0	0.0	11.930058467026779	0.009626506015392295	0.016579985970225378
94-95	0.0	0.0	0.0	12.33088594920239	0.01983096361144604	0.016995388668825797
96-97	0.0	0.0	0.0	12.743380828912606	0.048006103168691784	0.017392730380530547
98-99	0.0	0.0	0.0	13.162793066603863	0.1109125205263116	0.017790072092235293
100-101	0.0	0.0	0.0	13.582295609229599	0.19805678229792104	0.018422206633583755
102-103	0.0	0.0	0.0	13.99421253735915	0.3231291165504382	0.018982097227349535
104-105	0.0	0.0	0.0	14.400133217839343	0.4880620488816998	0.019379438939054285
106-107	0.0	0.0	0.0	14.807823875035309	0.6480282098166521	0.02008381742798543
108-109	0.0	0.0	0.0	15.224400537783946	0.8081569196336654	0.020806256903812242
110-111	0.0	0.0	0.0	15.640056090200904	0.9981223798023262	0.021564818353430396
112-113	0.0	0.0	0.0	16.052966372609717	1.2011820554703478	0.022052464999613497
114-115	0.0	0.0	0.0	16.464630446922733	1.4030858279770466	0.022467867698213913
116-117	0.0	0.0	0.0	16.861538694941984	1.5836415139730633	0.02281102644923165
118-119	0.0	0.0	0.0	17.260704566323195	1.7548957917178094	0.023172246187145057
120-121	0.0	0.0	0.0	17.670562541946644	1.9330674274435973	0.023533465925058464
122-123	0.0	0.0	0.0	18.07449651386831	2.1242790957080593	0.024165600466406926
124-125	0.0	0.0	0.0	18.468858162735273	2.3157436177890607	0.024635186125694354
126-127	0.0	0.0	0.0	18.856446941516356	2.496190937863703	0.02501446685050343
128-129	0.0	0.0	0.0	19.248406479126196	2.6730621825330028	0.02542986954910385
130-131	3.61219737913407E-5	0.0	0.0	19.6430209818097	2.8438107526446705	0.025754967313225914
132-133	3.61219737913407E-5	0.0	0.0	20.038664960746253	3.023860731007608	0.026062004090452312
134-135	3.61219737913407E-5	0.0	0.0	20.41852363713599	3.1972823271798347	0.026278735933200355
136-137	3.61219737913407E-5	0.0	0.0	20.791591382452957	3.361637307930435	0.02638710185457438
138-139	3.61219737913407E-5	0.0	0.0	21.171341692921324	3.512410426535491	0.026495467775948398
>>END_MODULE
