##FastQC	0.12.1
>>Basic Statistics	pass
#Measure	Value
Filename	SRR2584866_1.fastq
File type	Conventional base calls
Encoding	Sanger / Illumina 1.9
Total Sequences	2768398
Total Bases	415.2 Mbp
Sequences flagged as poor quality	0
Sequence length	150
%GC	50
>>END_MODULE
>>Per base sequence quality	fail
#Base	Mean	Median	Lower Quartile	Upper Quartile	10th Percentile	90th Percentile
1	31.62446295655466	33.0	31.0	34.0	30.0	34.0
2	31.813416640237424	34.0	31.0	34.0	30.0	34.0
3	31.981631253887628	34.0	31.0	34.0	30.0	34.0
4	35.470748064404034	37.0	35.0	37.0	35.0	37.0
5	35.53843125157582	37.0	35.0	37.0	35.0	37.0
6	35.5447468174735	37.0	37.0	37.0	35.0	37.0
7	35.46185230591844	37.0	36.0	37.0	35.0	37.0
8	35.48464599382025	37.0	36.0	37.0	35.0	37.0
9	37.15746037961305	39.0	38.0	39.0	35.0	39.0
10-14	37.363494627578845	39.4	38.2	39.4	35.0	39.4
15-19	38.33819104045011	40.4	39.0	41.0	34.4	41.0
20-24	38.04470173725021	40.0	38.2	41.0	34.0	41.0
25-29	37.65864351874261	40.0	38.0	41.0	32.8	41.0
30-34	37.191037560350786	40.0	38.0	41.0	31.6	41.0
35-39	36.89553416813623	40.0	37.2	41.0	31.0	41.0
40-44	36.43653817117336	39.8	36.4	41.0	30.4	41.0
45-49	35.56860733174926	38.8	35.0	40.4	28.4	41.0
50-54	34.78244537093293	37.2	34.8	40.0	27.6	41.0
55-59	33.860675452012316	35.6	34.0	39.0	26.4	41.0
60-64	32.841191765056905	35.0	33.2	37.0	25.4	39.6
65-69	31.951391888016097	35.0	33.0	35.6	23.0	38.2
70-74	31.41152673856866	35.0	33.0	35.0	21.8	36.6
75-79	30.908623543291107	35.0	32.2	35.0	19.4	35.6
80-84	30.432978856363867	35.0	31.8	35.0	16.6	35.0
85-89	29.95735186920378	35.0	31.0	35.0	8.8	35.0
90-94	29.46433460795738	34.0	30.4	35.0	3.6	35.0
95-99	28.957820587935696	34.0	29.2	35.0	2.0	35.0
100-104	28.02554582108497	33.2	27.8	34.6	2.0	35.0
105-109	28.706699686966978	34.0	29.0	35.0	2.0	35.0
110-114	28.345076249874477	34.0	29.0	35.0	2.0	35.0
115-119	27.748269721333422	34.0	27.4	35.0	2.0	35.0
120-124	27.05750061949185	34.0	25.2	35.0	2.0	35.0
125-129	26.300048981396465	33.0	23.6	35.0	2.0	35.0
130-134	25.46815652951635	33.0	19.0	35.0	2.0	35.0
135-139	24.54097568340968	32.8	8.8	35.0	2.0	35.0
140-144	23.503669775805356	31.8	2.0	35.0	2.0	35.0
145-149	22.25157098076216	31.0	2.0	35.0	2.0	35.0
150	21.510365561599162	31.0	2.0	34.0	2.0	35.0
>>END_MODULE
>>Per tile sequence quality	warn
#Tile	Base	Mean
1101	1	0.07257450377580454
1101	2	0.06697516595662734
1101	3	0.11565064771765066
1101	4	0.18071475351793964
1101	5	0.1555337894131057
1101	6	0.2482661643440025
1101	7	0.18720724349841333
1101	8	0.23600052672938432
1101	9	0.35552610515413363
1101	10-14	0.3336846977715453
1101	15-19	0.3460112625185445
1101	20-24	0.38353863862186444
1101	25-29	0.3740366399674997
1101	30-34	0.4469235958430886
1101	35-39	0.20656829486516415
1101	40-44	0.018120378013030347
1101	45-49	-0.12594817165132355
1101	50-54	-0.271269993495153
1101	55-59	-0.18124042425121445
1101	60-64	-0.15332802318169314
1101	65-69	-0.2025502096632401
1101	70-74	0.16166285267565783
1101	75-79	0.2714102358188626
1101	80-84	0.2878355531034025
1101	85-89	0.20908617131415852
1101	90-94	0.1318177175339308
1101	95-99	0.07889441761266625
1101	100-104	0.08691551859071112
1101	105-109	0.050947350885046205
1101	110-114	0.07139882386094598
1101	115-119	0.1184766361602243
1101	120-124	0.25621142184948553
1101	125-129	0.334666503035443
1101	130-134	0.370846134767465
1101	135-139	0.3992707708252645
1101	140-144	0.43124704291177096
1101	145-149	0.4664083053268939
1101	150	0.4652689424886134
1102	1	0.21622226337751016
1102	2	0.23269154022563399
1102	3	0.26052751471623026
1102	4	0.31817919164027586
1102	5	0.28427680051631654
1102	6	0.34798179280140573
1102	7	0.3265826386303843
1102	8	0.30315110658555966
1102	9	0.3826800683278364
1102	10-14	0.3860642566067014
1102	15-19	0.4454554353097535
1102	20-24	0.4172948372547083
1102	25-29	0.4250019967716767
1102	30-34	0.5005283601468662
1102	35-39	0.6048127235043239
1102	40-44	0.6028326478486576
1102	45-49	0.5400477831850949
1102	50-54	0.4895857141862052
1102	55-59	0.5730210987849702
1102	60-64	0.47676070864223163
1102	65-69	0.3979264182804947
1102	70-74	0.5786489341518717
1102	75-79	0.6196062607912012
1102	80-84	0.679606065392008
1102	85-89	0.5504868647707717
1102	90-94	0.4810925515785023
1102	95-99	0.42164231353489967
1102	100-104	0.35044913444340864
1102	105-109	0.3936680567883144
1102	110-114	0.4194434885914653
1102	115-119	0.6059761175495098
1102	120-124	0.6602566842171136
1102	125-129	0.6370875013363744
1102	130-134	0.7139287321674956
1102	135-139	0.7855304515586248
1102	140-144	0.7255746270748773
1102	145-149	0.8013765465944758
1102	150	0.7583470946539386
1103	1	0.20731399262239947
1103	2	0.2204001343015598
1103	3	0.2960739008238633
1103	4	0.2294797757036875
1103	5	0.2089212128025082
1103	6	0.2788084120129213
1103	7	0.23709186891824174
1103	8	0.25539186326057006
1103	9	0.3433666035802361
1103	10-14	0.3424596857890023
1103	15-19	0.37690470783791596
1103	20-24	0.3668692401541662
1103	25-29	0.3174609298129667
1103	30-34	0.44581380810264193
1103	35-39	0.39586090873586954
1103	40-44	0.3732457293046494
1103	45-49	0.3645031570899704
1103	50-54	0.2891790861094421
1103	55-59	0.2660877576293643
1103	60-64	0.3644930954799577
1103	65-69	0.3397320607502472
1103	70-74	0.425407251840646
1103	75-79	0.45502605636900384
1103	80-84	0.5249576115955996
1103	85-89	0.6358168345246327
1103	90-94	0.6730822783202655
1103	95-99	0.6571261214197577
1103	100-104	0.6936743899711537
1103	105-109	0.7517602684070006
1103	110-114	0.7476268297470732
1103	115-119	0.8584911754343665
1103	120-124	0.7839537534703531
1103	125-129	0.9741111898011212
1103	130-134	0.9845588818337383
1103	135-139	1.0038470973658846
1103	140-144	1.1382334193151813
1103	145-149	1.1790800561898038
1103	150	1.1822685980957388
1104	1	-0.009662971994607972
1104	2	0.09436690903054057
1104	3	0.1509341842836136
1104	4	0.1884323824242955
1104	5	0.16753774552709189
1104	6	0.1851783834279601
1104	7	0.1500457788591234
1104	8	0.20783459220631073
1104	9	0.23796402738634725
1104	10-14	0.2532363465702332
1104	15-19	0.17401328898952073
1104	20-24	0.1906777675961635
1104	25-29	0.2864507473932534
1104	30-34	0.2842472551825068
1104	35-39	0.19715359869080373
1104	40-44	0.16761480950123797
1104	45-49	0.048167732837001154
1104	50-54	-0.024760952066074537
1104	55-59	-0.04494775481190061
1104	60-64	-0.10793966327057092
1104	65-69	-0.06444045972381574
1104	70-74	0.11713035923060744
1104	75-79	0.14988742273384403
1104	80-84	0.1652165877274996
1104	85-89	0.258920428089187
1104	90-94	0.2766232784142417
1104	95-99	0.346066884643804
1104	100-104	0.3435561603840718
1104	105-109	0.3712289976552121
1104	110-114	0.4961461810744723
1104	115-119	0.5584712225967507
1104	120-124	0.6359187719015189
1104	125-129	0.7045993372803494
1104	130-134	0.7964668299215134
1104	135-139	0.9351351258500209
1104	140-144	0.9749589507944236
1104	145-149	1.1081487266873005
1104	150	0.9633279033312121
1105	1	0.05633549677531846
1105	2	0.039856272656322744
1105	3	0.12671162980327466
1105	4	0.11712342116960883
1105	5	0.09098970751180246
1105	6	0.08298693061572493
1105	7	0.08628404095146891
1105	8	0.15242224214325972
1105	9	0.06925123209315132
1105	10-14	0.18379203304125724
1105	15-19	0.23552343579331847
1105	20-24	0.24245007984014677
1105	25-29	0.2722487327484586
1105	30-34	0.2627713686897408
1105	35-39	0.23843458037086407
1105	40-44	0.17095593524388875
1105	45-49	0.13068759217929227
1105	50-54	0.09578393307724298
1105	55-59	0.05219652995840818
1105	60-64	-0.0240050271733665
1105	65-69	-0.04813459074593851
1105	70-74	0.1623830170016447
1105	75-79	0.27466992939210044
1105	80-84	0.30769227993101467
1105	85-89	0.37356572518340414
1105	90-94	0.392864392326409
1105	95-99	0.5452152100532821
1105	100-104	0.6520063958876392
1105	105-109	0.715779496988187
1105	110-114	0.8253671870118353
1105	115-119	0.9453230106829693
1105	120-124	0.872336390857992
1105	125-129	0.9748928486929209
1105	130-134	1.0688756414195915
1105	135-139	1.127377646916461
1105	140-144	1.194739278912408
1105	145-149	1.293919059489383
1105	150	1.4925996937835322
1106	1	-0.06720730414059162
1106	2	0.10282860555546591
1106	3	-0.028991538160351382
1106	4	0.12248909058195068
1106	5	0.23544398192397153
1106	6	0.21572860737528998
1106	7	0.1847565763243466
1106	8	0.2597647201170261
1106	9	0.337139913557408
1106	10-14	0.25278817888329286
1106	15-19	0.30383784310397743
1106	20-24	0.3282799197127346
1106	25-29	0.40749520815863605
1106	30-34	0.4230291683150824
1106	35-39	0.44957340624483777
1106	40-44	0.39775589673462974
1106	45-49	0.4517067784703599
1106	50-54	0.3875021570524453
1106	55-59	0.2985373193427847
1106	60-64	0.33956038985095915
1106	65-69	0.36473507388644677
1106	70-74	0.4100867524458174
1106	75-79	0.5725038298212013
1106	80-84	0.5581962594518508
1106	85-89	0.45186410774840624
1106	90-94	0.5227125185555117
1106	95-99	0.6587620766048445
1106	100-104	0.6885865429338978
1106	105-109	0.7967142168702743
1106	110-114	0.8461202138441166
1106	115-119	0.9307406421973923
1106	120-124	0.948209706020247
1106	125-129	1.042487146737031
1106	130-134	1.11672505636977
1106	135-139	1.0575631562614234
1106	140-144	1.0925985289607745
1106	145-149	1.2054113948080527
1106	150	1.0536299410970038
1107	1	-0.005803985646689824
1107	2	-0.011970832920347618
1107	3	0.05627180628531647
1107	4	0.07527325877532576
1107	5	0.07795422537970609
1107	6	0.09965589994426693
1107	7	0.0994968657966595
1107	8	0.13864522738961682
1107	9	0.1743101424886504
1107	10-14	0.21295084423354638
1107	15-19	0.2711517906961731
1107	20-24	0.22649992605252578
1107	25-29	0.23581800965223465
1107	30-34	0.2570768330196245
1107	35-39	0.21937361343407247
1107	40-44	0.257304374039137
1107	45-49	0.20595344770499935
1107	50-54	0.2191263562627057
1107	55-59	0.17170291474906207
1107	60-64	0.19343530368517747
1107	65-69	0.15570208182460377
1107	70-74	0.27354623118543486
1107	75-79	0.38029810310189305
1107	80-84	0.3348877057120667
1107	85-89	0.3753929440057462
1107	90-94	0.35692930021237856
1107	95-99	0.4768948018252992
1107	100-104	0.4810655961920425
1107	105-109	0.5842243848523232
1107	110-114	0.6367189325805356
1107	115-119	0.716058450687683
1107	120-124	0.6893584601733984
1107	125-129	0.6972720495409028
1107	130-134	0.7932065180769392
1107	135-139	0.9034110136195146
1107	140-144	1.001269884686124
1107	145-149	1.1767485704039977
1107	150	1.2416115121012439
1108	1	0.1581498888690689
1108	2	0.16002498921938724
1108	3	0.2106767889470902
1108	4	0.2368959392692389
1108	5	0.189175561504058
1108	6	0.20378993384929345
1108	7	0.19568034277102697
1108	8	0.18939420310417887
1108	9	0.21562810788370257
1108	10-14	0.27348275215377527
1108	15-19	0.30110338667454783
1108	20-24	0.34886554191582775
1108	25-29	0.3344713323025488
1108	30-34	0.35308000975362575
1108	35-39	0.31099303810067624
1108	40-44	0.3819605321304138
1108	45-49	0.36773005677981985
1108	50-54	0.356362185965061
1108	55-59	0.2668654704597344
1108	60-64	0.2985130724520957
1108	65-69	0.35258102734827546
1108	70-74	0.4590052405363281
1108	75-79	0.4624697236642028
1108	80-84	0.48744838409429647
1108	85-89	0.5344711494110719
1108	90-94	0.5236742367508391
1108	95-99	0.6502162928316899
1108	100-104	0.664617319153102
1108	105-109	0.6639856530756134
1108	110-114	0.7865530262389342
1108	115-119	0.8702258067121278
1108	120-124	0.9406032317535491
1108	125-129	0.9172272697263857
1108	130-134	1.0568779644714503
1108	135-139	1.0664499519056072
1108	140-144	1.104343277317767
1108	145-149	1.2279286371565874
1108	150	1.2074819908487093
1109	1	0.03646457505684708
1109	2	0.03919637782065877
1109	3	0.11999933860473533
1109	4	0.14432236141682608
1109	5	0.18128011916409292
1109	6	0.16101108472723524
1109	7	0.1415482283562568
1109	8	0.12712077803222854
1109	9	0.18660557512350806
1109	10-14	0.16128220034086382
1109	15-19	0.17706397164930365
1109	20-24	0.1598682290423099
1109	25-29	0.18283465341760774
1109	30-34	0.132943810215977
1109	35-39	0.13628531046585834
1109	40-44	0.08865133161967975
1109	45-49	0.1570584446110317
1109	50-54	0.1293053208436632
1109	55-59	0.07497330593770357
1109	60-64	0.0975389351453444
1109	65-69	0.02400407895775558
1109	70-74	0.09050384949395607
1109	75-79	0.11988067912798783
1109	80-84	0.2641871311026769
1109	85-89	0.264158469815694
1109	90-94	0.4319251650316218
1109	95-99	0.5051201268267711
1109	100-104	0.5085102810686131
1109	105-109	0.589344348253416
1109	110-114	0.5548389547858932
1109	115-119	0.6486183298853803
1109	120-124	0.7060910253827437
1109	125-129	0.7526506276321605
1109	130-134	0.6995626226881164
1109	135-139	0.6204313960414645
1109	140-144	0.7523237920138364
1109	145-149	0.6964681873454559
1109	150	0.8381722717444688
1110	1	0.16790924002343743
1110	2	0.13707715134954768
1110	3	0.21408140098034778
1110	4	0.21789782880705388
1110	5	0.17562423320050158
1110	6	0.13045957426027144
1110	7	0.20728311685117262
1110	8	0.1691224685545194
1110	9	0.16994695970065976
1110	10-14	0.2771830219712186
1110	15-19	0.25147493144942246
1110	20-24	0.290877303932902
1110	25-29	0.2935341326324732
1110	30-34	0.3267429137114277
1110	35-39	0.3081032282289229
1110	40-44	0.3975493284394176
1110	45-49	0.3744135284605079
1110	50-54	0.3493244452686426
1110	55-59	0.37714610118568004
1110	60-64	0.3881438158289896
1110	65-69	0.43783312681548736
1110	70-74	0.5347698481489545
1110	75-79	0.5662357645170921
1110	80-84	0.6979009514064529
1110	85-89	0.6676503577030886
1110	90-94	0.7168559283166118
1110	95-99	0.7494736830901019
1110	100-104	0.8855057671160687
1110	105-109	0.9469196820667989
1110	110-114	1.0327703760271305
1110	115-119	1.0874600784275898
1110	120-124	1.1251890323003906
1110	125-129	1.2614433556998996
1110	130-134	1.1385289544729353
1110	135-139	1.0251928161587642
1110	140-144	1.0784916298404958
1110	145-149	0.9971904101959232
1110	150	1.144656764220656
1111	1	0.12232465878911825
1111	2	0.14794682587565688
1111	3	0.11557770027628322
1111	4	0.12221090554041325
1111	5	0.1323365030579282
1111	6	0.05249954752475361
1111	7	0.1239496539250311
1111	8	0.03954090921713771
1111	9	0.12031923836832448
1111	10-14	0.10086442810916907
1111	15-19	0.07676468800881509
1111	20-24	0.06402033489303705
1111	25-29	0.007673920973203963
1111	30-34	0.1009034866650893
1111	35-39	0.18653449588399695
1111	40-44	0.3137094893916128
1111	45-49	0.2682719594109102
1111	50-54	0.2664158705064992
1111	55-59	0.19930814050787404
1111	60-64	0.12471722854777312
1111	65-69	0.16524957392602246
1111	70-74	0.2534854444982493
1111	75-79	0.1355638631303826
1111	80-84	0.27801439591382504
1111	85-89	0.3852688317073465
1111	90-94	0.413365662239773
1111	95-99	0.44053865294111105
1111	100-104	0.3642616906737324
1111	105-109	0.6035217876700045
1111	110-114	0.760758223746663
1111	115-119	0.8703787406939085
1111	120-124	0.8197486432814429
1111	125-129	0.8604753077916172
1111	130-134	0.8508147673676731
1111	135-139	0.7681282923143584
1111	140-144	0.8583701174032683
1111	145-149	0.939119883301629
1111	150	0.8703582423147544
1112	1	-0.08823228713428222
1112	2	-0.07882937655229227
1112	3	-0.12276618243552662
1112	4	-0.0157048760054721
1112	5	-0.04182223430789378
1112	6	-0.008310277180790138
1112	7	-0.027034684467075465
1112	8	-0.08744712160758894
1112	9	-0.07929283999437331
1112	10-14	-0.05942660621040119
1112	15-19	-0.06454491237604998
1112	20-24	-0.0652988293007013
1112	25-29	-0.04087820460794234
1112	30-34	-0.061340729194483856
1112	35-39	0.006418197469621134
1112	40-44	-0.01846776659281346
1112	45-49	0.03155027261544774
1112	50-54	-0.03476188817248982
1112	55-59	-0.10577291823771873
1112	60-64	-0.21287387357850207
1112	65-69	-0.08781707304126485
1112	70-74	-0.17555486535858833
1112	75-79	-0.07849620916874755
1112	80-84	-0.08070525247626037
1112	85-89	-0.01020169219406597
1112	90-94	0.03395776074628287
1112	95-99	0.042830147313274836
1112	100-104	-0.03931596902788215
1112	105-109	0.10669368818573588
1112	110-114	0.16962546734091077
1112	115-119	0.11602430680184739
1112	120-124	0.252048239624326
1112	125-129	0.22776166410896082
1112	130-134	0.22899500108160353
1112	135-139	0.15069956593334766
1112	140-144	0.065467539847468
1112	145-149	-0.12333153640507888
1112	150	-0.16026348333894092
1113	1	0.04342916088137727
1113	2	0.033114005434381255
1113	3	0.040995056686632836
1113	4	0.012957742556999108
1113	5	-0.003985466161395834
1113	6	-0.02976440363110555
1113	7	-0.05898244310144918
1113	8	-0.061042723489549644
1113	9	-0.0779844169825239
1113	10-14	-0.03375001747105699
1113	15-19	-0.08311525858245261
1113	20-24	-0.008344486524840988
1113	25-29	-0.020175894215732626
1113	30-34	-0.00709834490062633
1113	35-39	-0.09560532376759312
1113	40-44	0.014588605160348322
1113	45-49	0.06855724723413203
1113	50-54	0.10053191199932598
1113	55-59	0.007935190622838206
1113	60-64	0.06119793942420415
1113	65-69	0.017952787840915363
1113	70-74	-0.028410583740775763
1113	75-79	0.07558455767655303
1113	80-84	0.1133948258846118
1113	85-89	0.08194706192120549
1113	90-94	0.09791674530503514
1113	95-99	0.1266669573387489
1113	100-104	0.17671052443678192
1113	105-109	0.13723440177395574
1113	110-114	0.10283263289232636
1113	115-119	0.05244111230321025
1113	120-124	-0.055199329699384236
1113	125-129	-0.05578833392980087
1113	130-134	-0.07396663866308018
1113	135-139	-0.06509137304928458
1113	140-144	-0.28106014761034004
1113	145-149	-0.32604924587294093
1113	150	-0.19093481803658463
1114	1	0.1681888364524582
1114	2	0.1831145380968806
1114	3	0.08119580088667533
1114	4	0.07993229301295202
1114	5	0.08704733334682402
1114	6	0.04964803509385263
1114	7	0.07121831909724108
1114	8	0.06754501991228778
1114	9	0.0547344524576161
1114	10-14	0.059770087279090944
1114	15-19	0.09044968905342188
1114	20-24	0.10044572408213526
1114	25-29	0.0961348006694891
1114	30-34	0.028774903217410497
1114	35-39	-0.007250148109854138
1114	40-44	0.10366106073495729
1114	45-49	0.16005979182856578
1114	50-54	0.14593203566458612
1114	55-59	-0.006060796263838597
1114	60-64	0.0069294375382256135
1114	65-69	0.108825953992163
1114	70-74	-0.03396583040072443
1114	75-79	-0.047014619337993224
1114	80-84	0.01846446433130211
1114	85-89	0.004187063882568509
1114	90-94	-0.011073775588783974
1114	95-99	-0.06946874405153736
1114	100-104	-0.19246778455388025
1114	105-109	-0.0205075217369739
1114	110-114	-0.015793874232432614
1114	115-119	-0.033529807632170616
1114	120-124	-0.13328911149601552
1114	125-129	-0.34317952180463607
1114	130-134	-0.5408010332109079
1114	135-139	-0.6172211450060097
1114	140-144	-0.7460300580165082
1114	145-149	-0.9709558370581703
1114	150	-1.0582428979137788
1115	1	0.1842014835086765
1115	2	0.1312551273371234
1115	3	0.08274602412598142
1115	4	0.11900967353363257
1115	5	0.064000166284778
1115	6	0.041315438010990135
1115	7	0.08124741621806919
1115	8	0.006164053905202138
1115	9	-0.08570191770010638
1115	10-14	4.2058858559812506E-4
1115	15-19	-0.036170286460986745
1115	20-24	-0.023002380809167278
1115	25-29	-0.08738439116673646
1115	30-34	-0.12486135150126643
1115	35-39	-0.13072833723134636
1115	40-44	-0.05400443691039669
1115	45-49	0.015939704699206914
1115	50-54	0.05085166442857769
1115	55-59	-0.06114721637042919
1115	60-64	-0.18373602111253717
1115	65-69	-0.2598090037326166
1115	70-74	-0.3941952881178743
1115	75-79	-0.5298124018834507
1115	80-84	-0.5998023053664703
1115	85-89	-0.831466638936103
1115	90-94	-1.0551348151166735
1115	95-99	-1.424453976028829
1115	100-104	-1.5100144918753813
1115	105-109	-1.5124296139416522
1115	110-114	-1.683376006347224
1115	115-119	-1.917058126462468
1115	120-124	-2.1423044435273937
1115	125-129	-2.4329248400522765
1115	130-134	-2.7626161691013955
1115	135-139	-3.012206930819474
1115	140-144	-3.4209817245076692
1115	145-149	-3.905338683659302
1115	150	-4.046786165611248
1116	1	0.14954851675761915
1116	2	0.07811012533123929
1116	3	-0.051548030668552514
1116	4	0.031663990295541566
1116	5	-0.024267389811093665
1116	6	-0.04422232225011413
1116	7	-0.07761531686183076
1116	8	-0.18070357394868353
1116	9	-0.218570799537396
1116	10-14	-0.28232734930940495
1116	15-19	-0.5940842421184342
1116	20-24	-0.7086521293279162
1116	25-29	-0.9417332997641736
1116	30-34	-1.2884931788979372
1116	35-39	-1.2337155597668854
1116	40-44	-1.1963135668886054
1116	45-49	-1.4052761246750265
1116	50-54	-1.4508148056193875
1116	55-59	-1.4443543511346348
1116	60-64	-1.5439878137030085
1116	65-69	-1.868490166167362
1116	70-74	-2.2408091296864647
1116	75-79	-2.579312196418474
1116	80-84	-3.03356978465915
1116	85-89	-3.4877475090873027
1116	90-94	-3.8907681058065755
1116	95-99	-4.455745663334206
1116	100-104	-4.869471638596128
1116	105-109	-5.161090002939083
1116	110-114	-5.730907163221005
1116	115-119	-6.209083525346784
1116	120-124	-6.772112816257927
1116	125-129	-7.182118322039344
1116	130-134	-7.947146541438443
1116	135-139	-8.81398610182879
1116	140-144	-9.36327526878129
1116	145-149	-9.69851312032798
1116	150	-9.927664916144133
1201	1	0.44087848752970515
1201	2	0.47194229842800084
1201	3	0.5110328393647023
1201	4	0.45810543922781477
1201	5	0.4161581332293025
1201	6	0.3796511734879289
1201	7	0.37779145445613693
1201	8	0.503074640153244
1201	9	0.634750477757116
1201	10-14	0.6097626040701698
1201	15-19	0.6976286759356185
1201	20-24	0.7019333556583476
1201	25-29	0.7554399448003437
1201	30-34	0.8435224409988109
1201	35-39	0.9058211326578913
1201	40-44	0.9726054886950948
1201	45-49	0.9627447004031779
1201	50-54	0.9330781838581146
1201	55-59	0.9297871502738104
1201	60-64	0.9639420482479721
1201	65-69	1.02640639484515
1201	70-74	0.9873469800575805
1201	75-79	0.9893302062006235
1201	80-84	1.0081306294256436
1201	85-89	1.1175399561686241
1201	90-94	1.17978999436869
1201	95-99	1.100123927127406
1201	100-104	1.2040930722708119
1201	105-109	1.295111182994546
1201	110-114	1.3708201859308673
1201	115-119	1.2979598937419539
1201	120-124	1.515479492322985
1201	125-129	1.4330029876198083
1201	130-134	1.5940605990685128
1201	135-139	1.6834998477538257
1201	140-144	1.6417868892750462
1201	145-149	1.6639453879233983
1201	150	1.6974300575020216
1202	1	0.2916249107431881
1202	2	0.26614876505609786
1202	3	0.33656021555086824
1202	4	0.3809791394754356
1202	5	0.38808361128835855
1202	6	0.37887193690678345
1202	7	0.42746455047180376
1202	8	0.39334207880777683
1202	9	0.49231263222976906
1202	10-14	0.4546687656051276
1202	15-19	0.457927478215332
1202	20-24	0.40771989920045826
1202	25-29	0.46950594173776494
1202	30-34	0.5466651461406116
1202	35-39	0.68889331818351
1202	40-44	0.6759704445361976
1202	45-49	0.6850162397578643
1202	50-54	0.7596823821569956
1202	55-59	0.8410887989675544
1202	60-64	0.8258684453402054
1202	65-69	0.8756667025788794
1202	70-74	0.7507249318044558
1202	75-79	0.782204721928391
1202	80-84	0.8756794385010274
1202	85-89	0.8755186527206966
1202	90-94	0.8498559188189851
1202	95-99	0.878619197989778
1202	100-104	1.0603087784183742
1202	105-109	1.0805183599964536
1202	110-114	1.0248219282106632
1202	115-119	1.0492069958750214
1202	120-124	0.9884058104560296
1202	125-129	1.0333476897818663
1202	130-134	1.118652503033431
1202	135-139	1.1425909627740651
1202	140-144	1.3309388028703957
1202	145-149	1.2024017487332337
1202	150	1.204103403339385
1203	1	0.35343788680636834
1203	2	0.3698647428400115
1203	3	0.38754721682784776
1203	4	0.38710201718074444
1203	5	0.3841027966198851
1203	6	0.429441147376572
1203	7	0.41683684928900533
1203	8	0.4320549998736425
1203	9	0.4893621321790178
1203	10-14	0.5513526395880959
1203	15-19	0.6523911599201142
1203	20-24	0.6180331950978442
1203	25-29	0.691103838149246
1203	30-34	0.8295293499658669
1203	35-39	0.7971216727250408
1203	40-44	0.8146382819612867
1203	45-49	0.8463805037733323
1203	50-54	0.8747882342968154
1203	55-59	0.8611191537120746
1203	60-64	0.9287419963496291
1203	65-69	0.88774699394666
1203	70-74	0.8577827639658508
1203	75-79	0.8474449988505235
1203	80-84	0.8469911364075955
1203	85-89	0.9376278589889715
1203	90-94	0.9832817798339093
1203	95-99	0.9752532675318868
1203	100-104	1.0887992789884073
1203	105-109	1.0228703098049081
1203	110-114	1.0931283647855317
1203	115-119	1.0688757373333253
1203	120-124	1.122889602769149
1203	125-129	1.105509839823057
1203	130-134	1.1837247194726679
1203	135-139	1.3151659467823578
1203	140-144	1.5285852479899127
1203	145-149	1.7333010375447024
1203	150	1.8454052111697727
1204	1	0.08158437740620172
1204	2	0.03222655116655204
1204	3	0.14147170083342075
1204	4	0.15375845252041387
1204	5	0.1767429520480448
1204	6	0.1359241782256717
1204	7	0.2034251197876884
1204	8	0.19907998301395224
1204	9	0.25781455045766677
1204	10-14	0.2782960141437698
1204	15-19	0.2997198484510122
1204	20-24	0.28895037305582605
1204	25-29	0.419560789015776
1204	30-34	0.39755634306687426
1204	35-39	0.3377552228964973
1204	40-44	0.4635500758209403
1204	45-49	0.5454909283954024
1204	50-54	0.4712406041691892
1204	55-59	0.46023089850537247
1204	60-64	0.5792656092622224
1204	65-69	0.6130347637704041
1204	70-74	0.6853978856471343
1204	75-79	0.7172931681580863
1204	80-84	0.8783875585235457
1204	85-89	0.8949993100661757
1204	90-94	1.094814135580453
1204	95-99	1.0585140464549099
1204	100-104	1.2053518058511408
1204	105-109	1.2043719605690093
1204	110-114	1.2720929764956708
1204	115-119	1.370309443284981
1204	120-124	1.4945550977838593
1204	125-129	1.58855818119293
1204	130-134	1.6055534206552196
1204	135-139	1.6039513122442557
1204	140-144	1.6743311612348641
1204	145-149	1.8221294185857246
1204	150	1.8637808944959033
1205	1	-0.0566827493178792
1205	2	-0.04499135273636057
1205	3	0.0032520892223004694
1205	4	0.011991180849193483
1205	5	0.06776851627843428
1205	6	0.1325868347557062
1205	7	0.09243079978249114
1205	8	0.11168956221120396
1205	9	0.13144697898403024
1205	10-14	0.1919788329972434
1205	15-19	0.17869235062753575
1205	20-24	0.17443293185520048
1205	25-29	0.2264320878214221
1205	30-34	0.30437958852502334
1205	35-39	0.3601501431663152
1205	40-44	0.36191688126530863
1205	45-49	0.38977913435148537
1205	50-54	0.40990723981502697
1205	55-59	0.44363388691081695
1205	60-64	0.507017728300255
1205	65-69	0.549997105815212
1205	70-74	0.5144295270662624
1205	75-79	0.48551507218530787
1205	80-84	0.5000116111945978
1205	85-89	0.5263796333576174
1205	90-94	0.6419277197924202
1205	95-99	0.6951952622375899
1205	100-104	0.821492660786344
1205	105-109	0.8587935601406897
1205	110-114	0.8671242615225161
1205	115-119	0.9720185404845267
1205	120-124	1.0472568528277613
1205	125-129	1.108569526945356
1205	130-134	1.232874680056888
1205	135-139	1.3741533984760252
1205	140-144	1.4694762278842113
1205	145-149	1.697410997717224
1205	150	1.6842886487482005
1206	1	0.051921012297299285
1206	2	0.16517543526844847
1206	3	0.18737651601248473
1206	4	0.1987540600509874
1206	5	0.22028469832839903
1206	6	0.2431258167820829
1206	7	0.22332064829335962
1206	8	0.23200445081919696
1206	9	0.32004774253633883
1206	10-14	0.32394766997381197
1206	15-19	0.3248812174803888
1206	20-24	0.3390269425850576
1206	25-29	0.34977478430407416
1206	30-34	0.40271076597214517
1206	35-39	0.4407819669641455
1206	40-44	0.5213904317476263
1206	45-49	0.5319539742645176
1206	50-54	0.49331334891792267
1206	55-59	0.4758359433328536
1206	60-64	0.5779995260080852
1206	65-69	0.6122217773032013
1206	70-74	0.5734730316850616
1206	75-79	0.6489876929539804
1206	80-84	0.6038828767086848
1206	85-89	0.6656700832089832
1206	90-94	0.7829066669842675
1206	95-99	0.9081495754957842
1206	100-104	0.9640811705420766
1206	105-109	0.9732824338996338
1206	110-114	1.0468675669754646
1206	115-119	1.0836838494019716
1206	120-124	1.1266063090894534
1206	125-129	1.2627922036892727
1206	130-134	1.357839965866134
1206	135-139	1.494749164733264
1206	140-144	1.6118736784536232
1206	145-149	1.6616467219813913
1206	150	1.7589769924267387
1207	1	0.06185095757567538
1207	2	0.12339577105468891
1207	3	0.21801774453424372
1207	4	0.17773549899756347
1207	5	0.21700703169535274
1207	6	0.2497925575004274
1207	7	0.2277944328441066
1207	8	0.2704354577677037
1207	9	0.24184411016949525
1207	10-14	0.28057193178946704
1207	15-19	0.2911567739705134
1207	20-24	0.32448100053827034
1207	25-29	0.3708044641071808
1207	30-34	0.4234929298699939
1207	35-39	0.49005187422761765
1207	40-44	0.48405059095801306
1207	45-49	0.5449147191393564
1207	50-54	0.56389047581321
1207	55-59	0.4418452986994268
1207	60-64	0.5456026018215709
1207	65-69	0.5789542803119154
1207	70-74	0.5585462257213223
1207	75-79	0.5102924094923935
1207	80-84	0.6292401696461667
1207	85-89	0.6397442823318222
1207	90-94	0.7259174660286547
1207	95-99	0.7409757538055537
1207	100-104	0.8223096006901081
1207	105-109	0.9340906779191265
1207	110-114	0.9540624757978726
1207	115-119	0.8848513071202078
1207	120-124	0.9478133609942212
1207	125-129	0.9523053861162829
1207	130-134	0.9801646115810918
1207	135-139	1.0792845346197524
1207	140-144	1.1699303783581314
1207	145-149	1.294678041772574
1207	150	1.4051335068097934
1208	1	0.09071783902900776
1208	2	0.08300756511867036
1208	3	0.11561612323431802
1208	4	0.16271925387287212
1208	5	0.17517862616781343
1208	6	0.14706380126115448
1208	7	0.16704719522314804
1208	8	0.159762408121928
1208	9	0.19596648411936002
1208	10-14	0.19484640606216175
1208	15-19	0.24075973081733792
1208	20-24	0.24821234260282665
1208	25-29	0.22327832407622594
1208	30-34	0.44324501952064566
1208	35-39	0.441933493632682
1208	40-44	0.41365376560439415
1208	45-49	0.41845957577552895
1208	50-54	0.4054694899543847
1208	55-59	0.43398783108757755
1208	60-64	0.47965519279237157
1208	65-69	0.567742394554319
1208	70-74	0.4614641082086557
1208	75-79	0.4984972565127066
1208	80-84	0.5432908548708113
1208	85-89	0.648764407555678
1208	90-94	0.7542141482335012
1208	95-99	0.8209199535582421
1208	100-104	0.8490320058942054
1208	105-109	1.074278410250006
1208	110-114	1.168944959322694
1208	115-119	1.0545370495798458
1208	120-124	1.1644936056484632
1208	125-129	1.2922646575985333
1208	130-134	1.328290179561506
1208	135-139	1.3369481878480052
1208	140-144	1.3207212140060385
1208	145-149	1.3823361683369875
1208	150	1.427300383743784
1209	1	-0.004813098841655261
1209	2	0.055954951504862294
1209	3	0.09080820591292849
1209	4	0.062006564405059805
1209	5	0.15690582676574394
1209	6	0.06837274018792527
1209	7	0.06088599718150789
1209	8	0.021188632376478722
1209	9	0.04778351858001173
1209	10-14	0.0954675549790025
1209	15-19	0.16119370044043535
1209	20-24	0.18675774131247636
1209	25-29	0.11948918728060676
1209	30-34	0.22049762596529376
1209	35-39	0.19386476385278684
1209	40-44	0.13531839120033595
1209	45-49	0.2868638222726716
1209	50-54	0.3405017217515436
1209	55-59	0.33232280958277016
1209	60-64	0.3764217729476016
1209	65-69	0.42692830961474826
1209	70-74	0.38985351347328034
1209	75-79	0.32615887427125756
1209	80-84	0.40091688898210265
1209	85-89	0.34490384665981466
1209	90-94	0.5176420128348056
1209	95-99	0.564857438477592
1209	100-104	0.6919523153237357
1209	105-109	0.7799556685489719
1209	110-114	0.6415384994809656
1209	115-119	0.725507224266611
1209	120-124	0.8167522711038657
1209	125-129	0.9011507893923145
1209	130-134	0.9886532707965685
1209	135-139	1.1397739178584878
1209	140-144	1.1917681736131698
1209	145-149	1.2464099315096497
1209	150	1.322633474181675
1210	1	0.014148877747679478
1210	2	0.07976407319516454
1210	3	0.013967288477033435
1210	4	0.009158045664833026
1210	5	0.020847045514045703
1210	6	-0.08295307816266728
1210	7	-0.07693174290668026
1210	8	-0.07876645537442073
1210	9	-0.01632089802050274
1210	10-14	0.030365998875907962
1210	15-19	-0.0032613819935676247
1210	20-24	-0.10988591251791746
1210	25-29	-0.1158382999541061
1210	30-34	-0.092337644286971
1210	35-39	-0.03628436608185126
1210	40-44	-0.049590967999456836
1210	45-49	-0.07897059164437081
1210	50-54	-0.010870885404521857
1210	55-59	0.026009886302027496
1210	60-64	0.12388376173455384
1210	65-69	0.08741453788030995
1210	70-74	0.04837110900407282
1210	75-79	0.061345119363274137
1210	80-84	0.11750646045794966
1210	85-89	0.1895991032882769
1210	90-94	0.17431589173311934
1210	95-99	0.2875832241761067
1210	100-104	0.27446587500730146
1210	105-109	0.3393438611311943
1210	110-114	0.24660420084703816
1210	115-119	0.37234982434805275
1210	120-124	0.4452706110020159
1210	125-129	0.4706197176847162
1210	130-134	0.4315009951279336
1210	135-139	0.4943503697032341
1210	140-144	0.6422501045646491
1210	145-149	0.7581414113057079
1210	150	0.7897793507930899
1211	1	-9.67927965259463E-4
1211	2	-0.012872190771147984
1211	3	-0.002493084587296579
1211	4	0.03324228607598201
1211	5	-0.00300455713739467
1211	6	0.045523602226253956
1211	7	0.04082873501322126
1211	8	0.022763681943153813
1211	9	0.10269078689294986
1211	10-14	0.1463750832935844
1211	15-19	0.16358306814507984
1211	20-24	0.21305612451225642
1211	25-29	0.29339919683907567
1211	30-34	0.21045739060818391
1211	35-39	0.2358388973978336
1211	40-44	0.22521335115503405
1211	45-49	0.27377289411521843
1211	50-54	0.27680836546306864
1211	55-59	0.261711854139584
1211	60-64	0.3211287462555106
1211	65-69	0.3585731362464948
1211	70-74	0.34108590992510557
1211	75-79	0.3758659964311306
1211	80-84	0.500485795134388
1211	85-89	0.6293075183692132
1211	90-94	0.5495836678070631
1211	95-99	0.5087250617937222
1211	100-104	0.6879558510988417
1211	105-109	0.7174581343926008
1211	110-114	0.7329688082761834
1211	115-119	0.7723233218294467
1211	120-124	0.9657531550476435
1211	125-129	0.9006531911626361
1211	130-134	0.9093760918432245
1211	135-139	0.8122783733739496
1211	140-144	0.7099684430712898
1211	145-149	0.8718321792238477
1211	150	1.119234570782897
1212	1	0.022229493252353905
1212	2	-0.08885830055049126
1212	3	-0.0023658006581293023
1212	4	0.0757784288468244
1212	5	0.022486770060119454
1212	6	0.11591895259923035
1212	7	0.11691048244286861
1212	8	0.14742141920127239
1212	9	0.09985564968012994
1212	10-14	0.06301665838778803
1212	15-19	0.07692347713379633
1212	20-24	0.1199059815374568
1212	25-29	0.07059221283477513
1212	30-34	0.11118313362312904
1212	35-39	0.08793258575715868
1212	40-44	0.2219833342701918
1212	45-49	0.16872325113666164
1212	50-54	0.257757115911744
1212	55-59	0.27567966308550496
1212	60-64	0.2329830180364496
1212	65-69	0.2572546694098712
1212	70-74	0.22309361774069814
1212	75-79	0.2874929341230512
1212	80-84	0.2879282322253083
1212	85-89	0.26884540083683106
1212	90-94	0.15905990142668358
1212	95-99	0.19323244628318292
1212	100-104	0.24082018624671164
1212	105-109	0.3585623279687944
1212	110-114	0.39639528865441775
1212	115-119	0.36011627390365675
1212	120-124	0.4035582190612246
1212	125-129	0.3131634543653341
1212	130-134	0.3515970396732335
1212	135-139	0.22772218672858813
1212	140-144	0.1250898736867434
1212	145-149	0.1207965597397056
1212	150	0.2016699326343847
1213	1	0.09516111595155508
1213	2	0.059005337404155256
1213	3	-0.012306866515764625
1213	4	0.061233516184188375
1213	5	0.0725977506418829
1213	6	0.12365640641763065
1213	7	0.1231044921646216
1213	8	0.07679974431729875
1213	9	0.09292708620212409
1213	10-14	0.11088220152507944
1213	15-19	0.13949532701150247
1213	20-24	0.13058386570953928
1213	25-29	0.05583410678718792
1213	30-34	0.10686123415897697
1213	35-39	0.18735039246067942
1213	40-44	0.17996019373462246
1213	45-49	0.19270680296129683
1213	50-54	0.23676901335896616
1213	55-59	0.219048812704024
1213	60-64	0.20009296868729365
1213	65-69	0.18878038644654183
1213	70-74	0.0194569932773625
1213	75-79	0.08438643288662462
1213	80-84	0.04197421250405853
1213	85-89	-0.027667794916059307
1213	90-94	-0.08317655064470131
1213	95-99	-0.06840234910635701
1213	100-104	-0.12959598982721943
1213	105-109	0.02057277417881309
1213	110-114	-0.026198395502632366
1213	115-119	-0.10590279475937336
1213	120-124	-0.2717280912463593
1213	125-129	-0.25382879833494343
1213	130-134	-0.3892569143905966
1213	135-139	-0.386868174632383
1213	140-144	-0.481231128520065
1213	145-149	-0.7639130104259806
1213	150	-0.8329809091683558
1214	1	0.05702562466024119
1214	2	-0.00599263158960639
1214	3	-0.10003763312136726
1214	4	-0.011414071084054456
1214	5	-0.013412087759647306
1214	6	0.004957879518087793
1214	7	-8.05343616718801E-5
1214	8	0.04041965064263309
1214	9	0.026280208074823008
1214	10-14	-0.012337617106155108
1214	15-19	0.012477859184421902
1214	20-24	-0.05800906646697257
1214	25-29	-0.033215953360723915
1214	30-34	-0.06650601577251791
1214	35-39	-0.12206944772250239
1214	40-44	-0.10738860288685004
1214	45-49	0.012617978463111967
1214	50-54	0.08263394528358958
1214	55-59	-7.771231185245142E-4
1214	60-64	0.002359735929672979
1214	65-69	-0.06787694300223279
1214	70-74	-0.3160718476957314
1214	75-79	-0.3830463576259824
1214	80-84	-0.3602496366527106
1214	85-89	-0.5813069532639474
1214	90-94	-0.5783225337407103
1214	95-99	-0.721817803411259
1214	100-104	-0.7234879610258496
1214	105-109	-0.6609425364008601
1214	110-114	-0.8183503018616136
1214	115-119	-0.876542775875027
1214	120-124	-1.052851399042666
1214	125-129	-1.1549910971484714
1214	130-134	-1.386570265699529
1214	135-139	-1.4284457179029815
1214	140-144	-1.5366732767203501
1214	145-149	-1.8094498913284447
1214	150	-1.844938568408729
1215	1	0.39932762705300107
1215	2	0.37213903323187125
1215	3	0.3287412144149613
1215	4	0.309089994308664
1215	5	0.2602033055195463
1215	6	0.2821945577572933
1215	7	0.29471732229726655
1215	8	0.24944996202992797
1215	9	0.32413624973519717
1215	10-14	0.22826503802481568
1215	15-19	0.1983722028479491
1215	20-24	0.03522834946688391
1215	25-29	0.022401864966205665
1215	30-34	-0.12296956189961605
1215	35-39	-0.18638428531856732
1215	40-44	-0.13415616886104687
1215	45-49	-0.25018654137914353
1215	50-54	-0.12725505674127646
1215	55-59	-0.1665044351616558
1215	60-64	-0.22645295743265592
1215	65-69	-0.3259956013020293
1215	70-74	-0.4491853540986135
1215	75-79	-0.5321983981285356
1215	80-84	-0.7001538939903895
1215	85-89	-0.7812362227050187
1215	90-94	-0.8916235824864813
1215	95-99	-1.090503358403982
1215	100-104	-1.1786130965658401
1215	105-109	-1.2596472877888303
1215	110-114	-1.5376290514881568
1215	115-119	-1.7291210889815893
1215	120-124	-1.9355135707861137
1215	125-129	-2.283351525186113
1215	130-134	-2.5520968959258994
1215	135-139	-2.7080277580389662
1215	140-144	-2.9983678358043946
1215	145-149	-3.1794431354584596
1215	150	-3.456413604453015
1216	1	0.2634822368770102
1216	2	0.21350195420643914
1216	3	0.07901228588082176
1216	4	0.13579665332198232
1216	5	0.05249824533081693
1216	6	0.09421050734803771
1216	7	0.1680832295199437
1216	8	0.05322843701816282
1216	9	-0.014599601490239422
1216	10-14	-0.0415451698723146
1216	15-19	-0.24419144103317336
1216	20-24	-0.3721839489148948
1216	25-29	-0.4441891560001352
1216	30-34	-0.810687372735245
1216	35-39	-0.8109124591342578
1216	40-44	-0.7589777795614481
1216	45-49	-0.7876623183404803
1216	50-54	-0.8100493219833922
1216	55-59	-0.7804831224942106
1216	60-64	-1.1369177355276499
1216	65-69	-1.4069506587858243
1216	70-74	-1.8246833696011713
1216	75-79	-2.205061945769465
1216	80-84	-2.5732618752683543
1216	85-89	-2.9694209654111496
1216	90-94	-3.3480559407578383
1216	95-99	-3.953740556039655
1216	100-104	-4.319036836406042
1216	105-109	-4.48839134999438
1216	110-114	-5.105819479643742
1216	115-119	-5.661357023297075
1216	120-124	-6.172888012101463
1216	125-129	-6.802781853877779
1216	130-134	-7.376226801602741
1216	135-139	-7.987896707874121
1216	140-144	-8.548387824579608
1216	145-149	-8.977205631818357
1216	150	-9.32531447335208
2101	1	0.256825200845995
2101	2	0.19467464663007306
2101	3	0.2805232597994376
2101	4	0.24246688705127184
2101	5	0.2578265830427924
2101	6	0.2970264063919288
2101	7	0.25058509702675025
2101	8	0.27298571639392577
2101	9	0.27855595082909446
2101	10-14	0.34193328396423084
2101	15-19	0.39034346796229613
2101	20-24	0.4246363810015552
2101	25-29	0.4168349203722812
2101	30-34	0.48114934161434064
2101	35-39	0.5425673881538486
2101	40-44	0.4795808670871793
2101	45-49	0.49148744216139306
2101	50-54	0.3416373720278614
2101	55-59	0.39253627465485863
2101	60-64	0.35097646444153696
2101	65-69	0.34200578035815354
2101	70-74	0.5483597573994743
2101	75-79	0.5428406279117226
2101	80-84	0.5939147990027003
2101	85-89	0.6558803657793426
2101	90-94	0.7252141476450689
2101	95-99	0.7805840999695981
2101	100-104	0.6646600837626231
2101	105-109	0.5078724661428247
2101	110-114	0.45478396072964244
2101	115-119	0.5993974646246478
2101	120-124	0.8093240694919501
2101	125-129	0.7595552742814071
2101	130-134	0.8205526132819685
2101	135-139	0.9869500178722888
2101	140-144	1.2039681596013594
2101	145-149	1.299424170144654
2101	150	1.462173761950961
2102	1	0.15217524655679426
2102	2	0.19859940099672357
2102	3	0.2185578201121814
2102	4	0.2592931478397915
2102	5	0.13446266372307747
2102	6	0.12974761687085845
2102	7	0.18446656943228135
2102	8	0.15596455639403217
2102	9	0.33184345620359323
2102	10-14	0.25486935850943127
2102	15-19	0.1443103175855498
2102	20-24	0.018668013101986958
2102	25-29	0.11107142907244594
2102	30-34	0.14926616876956444
2102	35-39	0.09669818440865185
2102	40-44	0.24736254469686259
2102	45-49	0.22933593425928933
2102	50-54	0.08145215289884788
2102	55-59	0.17889316608866324
2102	60-64	0.19510165345445785
2102	65-69	0.21598917329757583
2102	70-74	0.18424814620116692
2102	75-79	0.23043949003593056
2102	80-84	-0.038425658211121316
2102	85-89	0.2929293818413008
2102	90-94	0.3203998939883661
2102	95-99	0.4054108152835951
2102	100-104	0.21592895686825742
2102	105-109	0.2720258639537718
2102	110-114	0.2742018859392914
2102	115-119	0.37854704091948577
2102	120-124	0.5773367387595414
2102	125-129	0.6378188408525745
2102	130-134	0.8799424380339254
2102	135-139	0.8337480383685154
2102	140-144	0.9645995771123523
2102	145-149	1.032541011787245
2102	150	1.0608352675867359
2103	1	0.009707194167788202
2103	2	-0.016908089582834407
2103	3	0.024657916695950632
2103	4	6.172247965565703E-4
2103	5	0.0212563444162015
2103	6	0.008664660377455391
2103	7	-0.01447391617405458
2103	8	0.06094763704588502
2103	9	0.06431384025766107
2103	10-14	0.12376884275670363
2103	15-19	0.10260257135514195
2103	20-24	0.017235058363674227
2103	25-29	0.1924535600261379
2103	30-34	0.21881629974931371
2103	35-39	0.17002155981528944
2103	40-44	0.22855635720807044
2103	45-49	0.1959331495539942
2103	50-54	0.12524124492820476
2103	55-59	-0.08369111250586059
2103	60-64	0.10074763625370053
2103	65-69	0.10049411906916461
2103	70-74	0.26280750287873644
2103	75-79	0.2227788424747672
2103	80-84	0.3108516643377648
2103	85-89	0.3701590742508927
2103	90-94	0.3319495248603346
2103	95-99	0.5096790409612701
2103	100-104	0.51767244645049
2103	105-109	0.4235736227387399
2103	110-114	0.2620507988683016
2103	115-119	0.4881566010116103
2103	120-124	0.6723855873235038
2103	125-129	0.5806175240709663
2103	130-134	0.8643752505563569
2103	135-139	0.9775898431568883
2103	140-144	0.9236187482723714
2103	145-149	1.2107018021071099
2103	150	1.3278398668654283
2104	1	-0.012070818717322851
2104	2	0.05994148124946008
2104	3	0.14461021405569596
2104	4	0.10573816781390377
2104	5	0.09527272378831242
2104	6	0.09856399821541828
2104	7	0.1234797546954951
2104	8	0.053875223417357176
2104	9	0.20539105558898285
2104	10-14	0.13999815168808283
2104	15-19	0.21078109436849246
2104	20-24	0.20263000622145455
2104	25-29	0.17292124364593775
2104	30-34	0.33148351613884586
2104	35-39	0.2950527565309855
2104	40-44	0.1982358605757213
2104	45-49	0.15316345757763372
2104	50-54	0.14148083980546033
2104	55-59	0.10420559837214682
2104	60-64	0.12468294118529144
2104	65-69	0.17871419251970266
2104	70-74	0.30894654266803556
2104	75-79	0.38722450801931885
2104	80-84	0.43264610284188265
2104	85-89	0.5149054334190346
2104	90-94	0.526438889158122
2104	95-99	0.7117146330678104
2104	100-104	0.7189264433606048
2104	105-109	0.6868881190081808
2104	110-114	0.48589964717839607
2104	115-119	0.7124663348767086
2104	120-124	0.7989381244152796
2104	125-129	0.9105260702795199
2104	130-134	1.0223794649464502
2104	135-139	1.246534226033738
2104	140-144	1.4967339512079292
2104	145-149	1.6983365460047146
2104	150	1.7385371822335536
2105	1	-0.055840419848856016
2105	2	-0.11977359724366465
2105	3	-0.04142718875417373
2105	4	0.06002116137325686
2105	5	0.09303681606579772
2105	6	-0.07519553813512658
2105	7	-0.048376506841449896
2105	8	-0.1283017423368733
2105	9	0.06208072001945908
2105	10-14	0.10981454135037438
2105	15-19	0.08165949253579896
2105	20-24	0.1400539168640904
2105	25-29	0.2500506508006737
2105	30-34	0.2905665281803067
2105	35-39	0.30260390486871813
2105	40-44	0.2292416214838724
2105	45-49	0.20111560912994975
2105	50-54	0.20599172896316986
2105	55-59	0.12083967744356272
2105	60-64	0.20897622494442913
2105	65-69	0.23220089138088085
2105	70-74	0.371155446116056
2105	75-79	0.4656439162860089
2105	80-84	0.5279013792538265
2105	85-89	0.6427981663712785
2105	90-94	0.7217937143231374
2105	95-99	0.8118839494987746
2105	100-104	0.882812333674849
2105	105-109	0.7497907516025144
2105	110-114	0.802302055167015
2105	115-119	1.0324550886096446
2105	120-124	1.1120902849619085
2105	125-129	1.0550657345389745
2105	130-134	1.352906861376745
2105	135-139	1.539187451796323
2105	140-144	1.6504532519857449
2105	145-149	1.7613741943640662
2105	150	1.7266976487899015
2106	1	-0.03160983813977225
2106	2	0.03552080661074086
2106	3	0.10563324559375076
2106	4	-0.015664465484704237
2106	5	0.05988989784933807
2106	6	0.08141496678076265
2106	7	0.05974048705834889
2106	8	0.04175961882550894
2106	9	0.08439336803063924
2106	10-14	-0.31624014371396925
2106	15-19	0.0570807725927196
2106	20-24	0.1852813801531923
2106	25-29	0.22688418236528918
2106	30-34	0.28081458629264944
2106	35-39	0.22808700787786051
2106	40-44	0.2475866023692319
2106	45-49	0.3249600162916195
2106	50-54	0.29823721778389256
2106	55-59	0.3212301017960755
2106	60-64	0.2365384196151794
2106	65-69	0.20869845410092935
2106	70-74	0.41867645448661506
2106	75-79	0.5241794267539674
2106	80-84	0.575409214343992
2106	85-89	0.6433645728108175
2106	90-94	0.6719594176820536
2106	95-99	0.36726892662734656
2106	100-104	0.7456160650706565
2106	105-109	0.5842329568743452
2106	110-114	0.7821513086681158
2106	115-119	0.9080051678779952
2106	120-124	1.0159495318629794
2106	125-129	1.0928524248855709
2106	130-134	1.2759490815730885
2106	135-139	1.323238100549709
2106	140-144	1.3895759762067463
2106	145-149	1.5594273932236007
2106	150	1.123491466427751
2107	1	-0.06306114383625072
2107	2	0.04318919120691689
2107	3	-0.37748645152609583
2107	4	-0.11370779024954913
2107	5	0.00616890904476719
2107	6	0.041512815477020126
2107	7	0.048234576570827414
2107	8	0.061625274483567694
2107	9	0.05911529034798946
2107	10-14	-0.061794927772325536
2107	15-19	0.10068172963801914
2107	20-24	0.1485922793817096
2107	25-29	0.18010081184327476
2107	30-34	0.21438618531546183
2107	35-39	0.2198905821085546
2107	40-44	0.20946428051138355
2107	45-49	0.2517600686476982
2107	50-54	0.2094993545969075
2107	55-59	0.1835195667132865
2107	60-64	0.24818618649704405
2107	65-69	0.022430330154403322
2107	70-74	0.27903877180436965
2107	75-79	0.3032162668531839
2107	80-84	0.4066641207265498
2107	85-89	0.563001901332111
2107	90-94	0.6311697945125054
2107	95-99	0.8045399181041226
2107	100-104	0.8642913665794971
2107	105-109	0.8014239506467646
2107	110-114	0.8852802673101117
2107	115-119	0.8832407302455749
2107	120-124	0.9501643810421498
2107	125-129	1.05369682779315
2107	130-134	1.3363499618977386
2107	135-139	1.4811874190512384
2107	140-144	1.6450664149812226
2107	145-149	1.6139089639999469
2107	150	0.9572333827307737
2108	1	-0.22198486389103778
2108	2	-0.3906745291518092
2108	3	-0.40339427772576286
2108	4	-0.24815724300250253
2108	5	-0.21494194948368062
2108	6	-0.33442240401687684
2108	7	-0.3090242703978703
2108	8	-0.4321422614939294
2108	9	-0.4468218556326491
2108	10-14	-0.5010109286103912
2108	15-19	-0.2670929149659216
2108	20-24	-0.16797239942115283
2108	25-29	-0.10523110396346169
2108	30-34	-0.5311880207973161
2108	35-39	-0.3420762036723275
2108	40-44	-0.2981739496128597
2108	45-49	-0.26775714301523124
2108	50-54	-0.4067337063283816
2108	55-59	-0.5105002873280498
2108	60-64	-0.637266363204759
2108	65-69	-0.26141412272571074
2108	70-74	0.006740695580770506
2108	75-79	-0.08793193126025756
2108	80-84	0.05883321477174519
2108	85-89	-0.3288366621072427
2108	90-94	-0.10450660417614444
2108	95-99	-0.10381635003045275
2108	100-104	0.17221336313626878
2108	105-109	0.21265786984827528
2108	110-114	0.04896562131602522
2108	115-119	0.021463245679534282
2108	120-124	0.4214603081546322
2108	125-129	0.37518453929870077
2108	130-134	0.311818657219181
2108	135-139	0.4864642902905345
2108	140-144	0.8128674423746745
2108	145-149	0.6152363128476317
2108	150	0.6095903105395344
2109	1	-0.12600961255671805
2109	2	-0.1501373088027691
2109	3	-0.09462242922995756
2109	4	-0.16083799819529787
2109	5	-0.15500174021612168
2109	6	-0.11914615002370255
2109	7	-0.09966455867903079
2109	8	-0.13971721366855405
2109	9	-0.13351481209069505
2109	10-14	-0.0764920307625161
2109	15-19	-0.04383618464540007
2109	20-24	-0.06494754876920439
2109	25-29	5.387120183115712E-4
2109	30-34	0.047358283539992385
2109	35-39	0.03915128852675309
2109	40-44	0.019379966608006782
2109	45-49	-0.008786998205039254
2109	50-54	-0.019270320940847796
2109	55-59	-0.08859208320306777
2109	60-64	0.04917405879171355
2109	65-69	0.037445289730417386
2109	70-74	0.06905205448072138
2109	75-79	0.06987718754754724
2109	80-84	0.037973264569885146
2109	85-89	0.28998751873190187
2109	90-94	0.3850826487384431
2109	95-99	0.30070761622549114
2109	100-104	0.30622034146881916
2109	105-109	0.294859433843623
2109	110-114	0.44091653605035575
2109	115-119	0.45180361194412555
2109	120-124	0.27722510723654636
2109	125-129	0.6653472640419089
2109	130-134	0.8671282370254936
2109	135-139	0.8324138596303747
2109	140-144	1.0451458154156903
2109	145-149	1.204986879180428
2109	150	1.2315008222324124
2110	1	-0.2275675306299796
2110	2	-0.26662493917511654
2110	3	-0.15125970438489134
2110	4	-0.15967661360316754
2110	5	-0.09771348506420452
2110	6	-0.05456560888398343
2110	7	-0.05523618159433141
2110	8	-0.1130748999687512
2110	9	-0.2264608492751563
2110	10-14	-0.16478628178281696
2110	15-19	-0.09760320233069564
2110	20-24	-0.19528603821345314
2110	25-29	-0.21892145828450538
2110	30-34	-0.18585167262466484
2110	35-39	-0.02718165851814547
2110	40-44	-0.1299123193798053
2110	45-49	-0.06360495557895263
2110	50-54	-0.07625253487746164
2110	55-59	-0.046658793537119436
2110	60-64	-0.04112049454128197
2110	65-69	0.04435666172618724
2110	70-74	0.03398156523801532
2110	75-79	0.11557910723314535
2110	80-84	-0.014575231424469592
2110	85-89	-0.12803162773859
2110	90-94	0.10874657779572772
2110	95-99	0.26668655510793826
2110	100-104	0.4051628516718715
2110	105-109	0.3999947187733355
2110	110-114	0.39772169552030334
2110	115-119	0.5609954293472619
2110	120-124	0.6521560287864077
2110	125-129	0.8670068599506102
2110	130-134	0.8535215458379071
2110	135-139	0.891878766165366
2110	140-144	1.0669749079737585
2110	145-149	1.1473360503397956
2110	150	1.2542231480247246
2111	1	-0.2427607946130479
2111	2	-0.1325394105498212
2111	3	-0.3185243087272376
2111	4	-0.31334755594345154
2111	5	-0.24506107737759208
2111	6	-0.26685984998349
2111	7	-0.28148588800481633
2111	8	-0.3519190285571696
2111	9	-0.31121111508416277
2111	10-14	-0.466287571051204
2111	15-19	-0.6115928831325945
2111	20-24	-0.46544359413437064
2111	25-29	-0.4077142737385486
2111	30-34	-0.33729506225142103
2111	35-39	-0.4927929182129063
2111	40-44	-0.4424014988696996
2111	45-49	-0.4989542046211497
2111	50-54	-0.6341024039302212
2111	55-59	-0.5738239436402921
2111	60-64	-0.393013362778305
2111	65-69	-0.2274297010721682
2111	70-74	-0.1889722307166366
2111	75-79	-0.49586996982242226
2111	80-84	-0.14407323754123524
2111	85-89	-0.082114913718776
2111	90-94	-0.029029526416547213
2111	95-99	-0.028236662077592456
2111	100-104	0.14615821232608184
2111	105-109	0.11709301885843715
2111	110-114	0.15344547639772088
2111	115-119	0.15586608580080608
2111	120-124	0.1256959683258998
2111	125-129	0.2918754101361074
2111	130-134	0.29770932190676547
2111	135-139	0.19826252618213402
2111	140-144	0.4388867477761629
2111	145-149	0.6145573877947434
2111	150	0.7587936486548372
2112	1	0.21308463164660196
2112	2	0.21782399294686527
2112	3	0.16206159332168824
2112	4	0.18085603587298493
2112	5	0.1576580216437904
2112	6	0.16555331997767553
2112	7	0.17414245889889912
2112	8	0.14888801018740594
2112	9	0.14687407366925243
2112	10-14	0.2603136836674693
2112	15-19	0.29034290012135955
2112	20-24	0.2512281101361893
2112	25-29	0.32395243527318485
2112	30-34	0.38808414277281855
2112	35-39	0.3145149755615009
2112	40-44	0.4084619561711662
2112	45-49	0.44435518086807235
2112	50-54	0.4822237158463736
2112	55-59	0.4427094333814807
2112	60-64	0.4125803049682091
2112	65-69	0.5301567308256132
2112	70-74	0.5168749428858135
2112	75-79	0.548192048289394
2112	80-84	0.7041241423012039
2112	85-89	0.7738693265146708
2112	90-94	0.8610785664478549
2112	95-99	0.899655387376395
2112	100-104	0.9219570473205572
2112	105-109	0.8475874798791203
2112	110-114	0.8520012562037067
2112	115-119	0.9295176263195373
2112	120-124	1.0131988850255453
2112	125-129	1.1029639404514349
2112	130-134	1.1170213633570398
2112	135-139	1.192782508726225
2112	140-144	1.264417470297058
2112	145-149	1.2825074023040166
2112	150	1.427644883198763
2113	1	-0.10060016863576138
2113	2	-0.13017273879045277
2113	3	-0.07737993226493955
2113	4	-0.09721700687375545
2113	5	-0.11590133778347678
2113	6	-0.08139953023473367
2113	7	-0.09396689069227193
2113	8	-0.1263626508082254
2113	9	-0.027754406533304632
2113	10-14	-0.031514403766244925
2113	15-19	-0.07173101648638891
2113	20-24	-0.0653584822829032
2113	25-29	-0.05341413339495915
2113	30-34	-0.044983783238400576
2113	35-39	-0.056381282122160314
2113	40-44	-0.008508838932705487
2113	45-49	0.043550711393272934
2113	50-54	0.04135524008248126
2113	55-59	-0.06324054416749192
2113	60-64	-0.09251534316833698
2113	65-69	0.018811823676152528
2113	70-74	0.01739769434086469
2113	75-79	-0.04520483709526246
2113	80-84	-0.025533120300121226
2113	85-89	0.06355638886368098
2113	90-94	0.013218940166837001
2113	95-99	0.19228496393524708
2113	100-104	0.18687471422412116
2113	105-109	0.11981128651852657
2113	110-114	0.24905640832384535
2113	115-119	0.27250740812513996
2113	120-124	0.44063435319208466
2113	125-129	0.35160527120941865
2113	130-134	0.3915150342846374
2113	135-139	0.5377280278408136
2113	140-144	0.4947789389121482
2113	145-149	0.7032369619086225
2113	150	0.6552963142492629
2114	1	0.06143973060295593
2114	2	0.015355950283659325
2114	3	-0.019188864501476388
2114	4	-0.07984627580008663
2114	5	-0.08534813903880689
2114	6	-0.06017339605524086
2114	7	-0.06797127819746862
2114	8	-0.12202435145226787
2114	9	-0.20734451258770292
2114	10-14	-0.08269195578316157
2114	15-19	-0.12016106882736466
2114	20-24	-0.12140119890474921
2114	25-29	-0.24680349162290582
2114	30-34	-0.19409516902786095
2114	35-39	-0.18638811466459515
2114	40-44	-0.1884842108983804
2114	45-49	-0.1770869618718578
2114	50-54	-0.2617166042105268
2114	55-59	-0.26595305095712973
2114	60-64	-0.1414453882307498
2114	65-69	-0.08699124236854772
2114	70-74	-0.3048424289472038
2114	75-79	-0.29594042951613275
2114	80-84	-0.23272787910616088
2114	85-89	-0.29247231479080327
2114	90-94	-0.361600469053343
2114	95-99	-0.26290320817152235
2114	100-104	-0.41046942616264914
2114	105-109	-0.46920330980313096
2114	110-114	-0.5535496408411547
2114	115-119	-0.5483638580038956
2114	120-124	-0.5872112128385503
2114	125-129	-0.6118146518443659
2114	130-134	-0.68872160766702
2114	135-139	-0.8120055467220517
2114	140-144	-0.9442570675307493
2114	145-149	-0.9802266529541974
2114	150	-1.051242988357025
2115	1	-0.09773394861513296
2115	2	-0.09824998148275199
2115	3	-0.19850210450311323
2115	4	-0.1772723003693386
2115	5	-0.22986204565112445
2115	6	-0.2503168256754691
2115	7	-0.1399996163547641
2115	8	-0.3003834668481886
2115	9	-0.23319860866268982
2115	10-14	-0.2793560119196812
2115	15-19	-0.3156804763364036
2115	20-24	-0.36381062431366473
2115	25-29	-0.519184866826123
2115	30-34	-0.5204479648071754
2115	35-39	-0.5219235938482356
2115	40-44	-0.37009243788885016
2115	45-49	-0.47180063376441694
2115	50-54	-0.42089534400923867
2115	55-59	-0.5550069603650769
2115	60-64	-0.5023759277953275
2115	65-69	-0.5940253035410308
2115	70-74	-0.6583689469823426
2115	75-79	-0.6518894611717521
2115	80-84	-0.6836736377970709
2115	85-89	-0.8412334983320413
2115	90-94	-0.9294387558744681
2115	95-99	-1.1502553582936947
2115	100-104	-1.4077618240490217
2115	105-109	-1.217860391274197
2115	110-114	-1.4457629664714702
2115	115-119	-1.6991236517546895
2115	120-124	-1.873746904384216
2115	125-129	-1.9968470774007194
2115	130-134	-1.8863880326111797
2115	135-139	-1.9291980168333964
2115	140-144	-2.1248461938839647
2115	145-149	-2.3024477445241764
2115	150	-2.5937228698136074
2116	1	0.19922608553574506
2116	2	0.17307786958254923
2116	3	0.028504298961401275
2116	4	0.05093491630776725
2116	5	-0.06987133382483535
2116	6	-0.06941620442195529
2116	7	-0.05297438522811149
2116	8	-0.1243004094229434
2116	9	-0.10177548837036454
2116	10-14	-0.23359639830211876
2116	15-19	-0.42110854299135525
2116	20-24	-0.5189886066298399
2116	25-29	-0.6855267208342468
2116	30-34	-0.7634913548195357
2116	35-39	-0.6915066923739133
2116	40-44	-0.6014227811586039
2116	45-49	-0.8121962136269119
2116	50-54	-0.7995113223556771
2116	55-59	-1.0209915460456855
2116	60-64	-1.1313704402333968
2116	65-69	-1.3252152072508387
2116	70-74	-1.5234366701947586
2116	75-79	-1.7749966118263778
2116	80-84	-2.1982257382210406
2116	85-89	-2.540862931266524
2116	90-94	-2.7932390849222486
2116	95-99	-3.06265979979295
2116	100-104	-3.5053686445912824
2116	105-109	-3.845455482050294
2116	110-114	-4.312237511168579
2116	115-119	-4.783137608797674
2116	120-124	-5.238018116962099
2116	125-129	-5.940058970451641
2116	130-134	-6.577096158995268
2116	135-139	-7.119383164237341
2116	140-144	-7.323716045487849
2116	145-149	-7.771936861810843
2116	150	-7.771419140948696
2201	1	0.27232405028465934
2201	2	0.2692730365516205
2201	3	0.30455619708096293
2201	4	0.34198513686405363
2201	5	0.22326780335532703
2201	6	0.2681643454066176
2201	7	0.28096014364040656
2201	8	0.2932808452295106
2201	9	0.3580328572389959
2201	10-14	0.25903885163007345
2201	15-19	0.3505528175742896
2201	20-24	0.3909908751638582
2201	25-29	0.37357100979772895
2201	30-34	0.4810793579758581
2201	35-39	0.5223027034642413
2201	40-44	0.5222227822842029
2201	45-49	0.4220377005197591
2201	50-54	0.49145215540197285
2201	55-59	0.5976671617442335
2201	60-64	0.6621641196308801
2201	65-69	0.7187785391889783
2201	70-74	0.6872333947397138
2201	75-79	0.698114109822594
2201	80-84	0.8369337415777132
2201	85-89	0.8274355538155262
2201	90-94	0.8999348194475729
2201	95-99	0.91900766924633
2201	100-104	0.8688574093265125
2201	105-109	0.8448881010434874
2201	110-114	0.9200955218245959
2201	115-119	0.955793564944301
2201	120-124	1.0024740355865198
2201	125-129	1.1058351007017748
2201	130-134	1.1467751541781759
2201	135-139	1.2492478864283676
2201	140-144	1.3891655589386112
2201	145-149	1.662321144122867
2201	150	1.8261279689024335
2202	1	-0.10599540396187734
2202	2	-0.023535334984593703
2202	3	6.400903973613481E-4
2202	4	-0.25843113462948963
2202	5	-0.21830555526908313
2202	6	-0.2166696009927378
2202	7	-0.10626612524448831
2202	8	-0.1320251148237901
2202	9	-0.4129419885170975
2202	10-14	-0.24221026618173624
2202	15-19	-0.12471815828257604
2202	20-24	-0.41250339895449883
2202	25-29	-0.30516481705274145
2202	30-34	-0.5276320102702243
2202	35-39	-0.18186992028982019
2202	40-44	-0.14400887376250182
2202	45-49	-0.20251544209239825
2202	50-54	-0.4477451595103972
2202	55-59	-0.038300535506991196
2202	60-64	-0.01823608542099464
2202	65-69	0.13147102810222222
2202	70-74	-0.22207770981045627
2202	75-79	-0.1201814115935953
2202	80-84	0.0071700264582723605
2202	85-89	0.0017771229275176381
2202	90-94	-0.18586023180528244
2202	95-99	0.006114122313913839
2202	100-104	-0.007313752371256754
2202	105-109	-0.44627576048380035
2202	110-114	0.023387474043872203
2202	115-119	-0.010936565346554517
2202	120-124	-0.21078876650605594
2202	125-129	0.3997332400683007
2202	130-134	0.5024186308388678
2202	135-139	0.8160097653830434
2202	140-144	0.5464872153695381
2202	145-149	0.5163867425245137
2202	150	0.3178963189223545
2203	1	0.0979574863648871
2203	2	0.052819839946899094
2203	3	0.17743525573934704
2203	4	0.10326076238958137
2203	5	0.08576308412838785
2203	6	0.09966995377042309
2203	7	0.0543018344001851
2203	8	0.1271782268101873
2203	9	0.16785540444850966
2203	10-14	0.14396270819712242
2203	15-19	0.17421319785280076
2203	20-24	0.18604916685792716
2203	25-29	0.1830296959846578
2203	30-34	-0.17013842436698923
2203	35-39	0.10899004765582987
2203	40-44	0.28378318789620494
2203	45-49	0.2721002456789421
2203	50-54	-0.06735973793709604
2203	55-59	0.2527073946941414
2203	60-64	0.25936981976701645
2203	65-69	0.1852885883083708
2203	70-74	0.1037227679770858
2203	75-79	0.4812981365085278
2203	80-84	0.6615522604649726
2203	85-89	0.6675042549166967
2203	90-94	0.8036553692535335
2203	95-99	0.8801781903179844
2203	100-104	0.959793955315682
2203	105-109	0.6567112554684265
2203	110-114	0.8047553481176202
2203	115-119	1.0506037460541826
2203	120-124	1.1778838567044119
2203	125-129	1.0852628938187507
2203	130-134	1.1107039463419497
2203	135-139	1.4759214992713687
2203	140-144	1.243693478525941
2203	145-149	1.6184645425774242
2203	150	1.6699428736750868
2204	1	0.042746417535244774
2204	2	0.1177612328632307
2204	3	0.15240080218347174
2204	4	-0.38091837805236395
2204	5	0.07788626114295738
2204	6	0.11871032657553116
2204	7	0.15920489857796838
2204	8	0.1877984365236074
2204	9	0.24610409143958378
2204	10-14	0.2584811243098244
2204	15-19	0.24301086925066784
2204	20-24	0.36460567684250833
2204	25-29	0.2885775418038392
2204	30-34	0.24449737819546868
2204	35-39	0.352175720883416
2204	40-44	0.33416131266876903
2204	45-49	0.2555733445980053
2204	50-54	0.3377719930758829
2204	55-59	0.33673137547070553
2204	60-64	0.16556122835870468
2204	65-69	0.45548017691761444
2204	70-74	0.48494085397555153
2204	75-79	0.44813884358843126
2204	80-84	0.5267716375268634
2204	85-89	0.6935350986282849
2204	90-94	0.8771598317786484
2204	95-99	0.9262318268777641
2204	100-104	1.0606679663471468
2204	105-109	0.6369485622088504
2204	110-114	0.7666091351842681
2204	115-119	1.0226171334537284
2204	120-124	1.1150426920798715
2204	125-129	1.2542276088536504
2204	130-134	1.0300352889342328
2204	135-139	1.5636541113155964
2204	140-144	1.7141636489952994
2204	145-149	1.624852317978796
2204	150	1.7950956278323993
2205	1	-0.07972050575348888
2205	2	-0.04028187092871249
2205	3	0.07803116257615272
2205	4	-0.001730017179440324
2205	5	0.006199425354189714
2205	6	0.08356362645899651
2205	7	0.10971736625684514
2205	8	0.1078092210472974
2205	9	0.06774410853535784
2205	10-14	0.1053543425340635
2205	15-19	0.116027541340884
2205	20-24	0.24783978699530707
2205	25-29	0.2872405668105884
2205	30-34	0.24337632545166343
2205	35-39	0.11700143945763841
2205	40-44	-0.13739129021878682
2205	45-49	0.20131298260142927
2205	50-54	0.3230580715143532
2205	55-59	0.3851212528057246
2205	60-64	0.45481254878490773
2205	65-69	0.5016512885788096
2205	70-74	0.5998750204034877
2205	75-79	0.6637583360181765
2205	80-84	0.6628613750547885
2205	85-89	0.8229921339017743
2205	90-94	0.9316867474280528
2205	95-99	1.0099436267644748
2205	100-104	1.108242989826028
2205	105-109	1.1030525817558932
2205	110-114	1.1627762139481455
2205	115-119	1.270355373386085
2205	120-124	1.4770992587955831
2205	125-129	1.6386461508175678
2205	130-134	1.8146836365124983
2205	135-139	1.8851802570060983
2205	140-144	1.958631533689669
2205	145-149	2.095607658786438
2205	150	2.351242887455495
2206	1	-0.0324991031311761
2206	2	-0.14916075045367094
2206	3	0.0013820763276051196
2206	4	-0.06959726965514079
2206	5	-0.0068060885042200425
2206	6	0.09867418024216335
2206	7	0.11572659597635493
2206	8	0.03976124679093118
2206	9	0.012779791866542212
2206	10-14	0.02051602398426411
2206	15-19	-0.17988298293669658
2206	20-24	-0.01958040958573548
2206	25-29	0.28661781430722044
2206	30-34	0.287921478235333
2206	35-39	0.33366343440480506
2206	40-44	0.39259888994975967
2206	45-49	0.10188649764007351
2206	50-54	0.34208028369647536
2206	55-59	0.2587243472051952
2206	60-64	0.36731190334997876
2206	65-69	0.21894636298823045
2206	70-74	0.4758463077695687
2206	75-79	0.5242290885953054
2206	80-84	0.17954213371744032
2206	85-89	0.6991238118481782
2206	90-94	0.7681413272499142
2206	95-99	0.7784210457623928
2206	100-104	0.8136279456598388
2206	105-109	0.8659135642922635
2206	110-114	0.9883077757162653
2206	115-119	1.0498808865068554
2206	120-124	1.107183027029123
2206	125-129	1.2053578903569147
2206	130-134	1.4599257207140965
2206	135-139	1.6991086506107536
2206	140-144	1.75001479295166
2206	145-149	1.8607905473843651
2206	150	1.9629568399146002
2207	1	-0.24432082421861168
2207	2	-0.3896212314226446
2207	3	-0.36089456401997566
2207	4	-0.2058386953540392
2207	5	-0.1962191143114964
2207	6	-0.30523018688765546
2207	7	-0.4254077074077287
2207	8	-0.24303928751340464
2207	9	-0.6860688868710909
2207	10-14	-0.26829857146083924
2207	15-19	-0.27581822943447776
2207	20-24	-0.22836187245776074
2207	25-29	-0.2569171983135803
2207	30-34	-0.457240310448249
2207	35-39	-0.3138106466060009
2207	40-44	-0.3728245842643503
2207	45-49	-0.2949965686203271
2207	50-54	-0.5594569345934701
2207	55-59	-0.4063081911682147
2207	60-64	-0.2631298484456934
2207	65-69	-0.49270902973020014
2207	70-74	-0.4759242646110877
2207	75-79	-0.5210477846785437
2207	80-84	-0.08020278825226157
2207	85-89	-0.11094064693099881
2207	90-94	0.025988280431732846
2207	95-99	-0.0632501764350053
2207	100-104	0.08761573842200931
2207	105-109	0.0566887334014865
2207	110-114	0.40639188586662556
2207	115-119	0.15481497788049836
2207	120-124	0.38454977181323713
2207	125-129	0.36825135748816606
2207	130-134	0.7095982929331228
2207	135-139	0.7072807023108822
2207	140-144	0.8610892960819037
2207	145-149	1.0372285818669589
2207	150	1.2309986430491229
2208	1	-0.10014719119556759
2208	2	-0.1276358678570162
2208	3	-0.12139050032478949
2208	4	-0.15085377706224534
2208	5	-0.12074565656359937
2208	6	-0.0387996281192855
2208	7	-0.12206993657471799
2208	8	-0.05753404800271511
2208	9	-0.03784275908024881
2208	10-14	0.03359279086679834
2208	15-19	0.09435541821768112
2208	20-24	0.03882519466887402
2208	25-29	0.18034184408251974
2208	30-34	0.2387969810067858
2208	35-39	0.15206203982155841
2208	40-44	0.16097412270433153
2208	45-49	0.2850126020091537
2208	50-54	0.2698750449367395
2208	55-59	0.21733831809521575
2208	60-64	0.26666779425450926
2208	65-69	0.46140161578885497
2208	70-74	0.4658117456073576
2208	75-79	0.3331063367559466
2208	80-84	0.3419719401261325
2208	85-89	0.564761116517964
2208	90-94	0.5948256494211073
2208	95-99	0.7235164589314387
2208	100-104	0.6871770476916659
2208	105-109	0.9293841670131684
2208	110-114	0.9274701617151351
2208	115-119	1.0176344755713878
2208	120-124	1.0994919090727855
2208	125-129	1.1523512414609591
2208	130-134	1.341914384324891
2208	135-139	0.9854256202003775
2208	140-144	1.38024247119521
2208	145-149	1.646515467135341
2208	150	1.8366565465682498
2209	1	-0.29090731967636785
2209	2	-0.2334413683368517
2209	3	-0.26959523567500554
2209	4	-0.1872450202980218
2209	5	-0.18096028169919975
2209	6	-0.5239524166217961
2209	7	-0.2988190772202728
2209	8	-0.18635834596306466
2209	9	-0.3026422824434576
2209	10-14	-0.22583648813955648
2209	15-19	-0.17986967507477658
2209	20-24	-0.2247042754772437
2209	25-29	-0.14402710841500266
2209	30-34	-0.10131160324459643
2209	35-39	-0.2891527359188757
2209	40-44	-0.17957020677910407
2209	45-49	-0.11560973833290689
2209	50-54	0.054600036229579985
2209	55-59	0.017689141765075078
2209	60-64	0.017440097475237337
2209	65-69	0.0015851763846761457
2209	70-74	0.06442938072017412
2209	75-79	0.0954024266753919
2209	80-84	0.25771237687199644
2209	85-89	0.3591314405588335
2209	90-94	0.3237287856495996
2209	95-99	0.5425658408096616
2209	100-104	0.4382430507188424
2209	105-109	0.5189936562182247
2209	110-114	0.5244493222042479
2209	115-119	0.4046954823494211
2209	120-124	0.3166940584625877
2209	125-129	0.8640280683495654
2209	130-134	1.0427899201285946
2209	135-139	0.8748586429290697
2209	140-144	1.271843490253957
2209	145-149	1.5769453063753858
2209	150	1.6590553371645562
2210	1	-0.004562080112588518
2210	2	-0.008107569217216337
2210	3	-0.03431164679845011
2210	4	-0.12371287430511302
2210	5	-0.13847179418817745
2210	6	-0.08431407135182667
2210	7	-0.022069795681822768
2210	8	-0.062338596347395026
2210	9	-0.1769442508743424
2210	10-14	-0.39221846538859495
2210	15-19	-0.25921346924975097
2210	20-24	-0.20806008610953342
2210	25-29	-0.21176764056548336
2210	30-34	-0.07974445348013148
2210	35-39	-0.0737581530688729
2210	40-44	-0.6111919827725245
2210	45-49	-0.10735944661177399
2210	50-54	-0.10534254904334972
2210	55-59	0.04498670699502583
2210	60-64	0.11342538581527606
2210	65-69	0.213361898886955
2210	70-74	0.029475850505740198
2210	75-79	0.1988686991513937
2210	80-84	0.3098658610606613
2210	85-89	0.38051476368149295
2210	90-94	0.45145029243373713
2210	95-99	0.6214576011259823
2210	100-104	0.3618021971136045
2210	105-109	0.4043982009518565
2210	110-114	0.6139740715936028
2210	115-119	0.7362251722525315
2210	120-124	0.6123335315712026
2210	125-129	0.8679840729673494
2210	130-134	1.050756731817895
2210	135-139	1.135595587350192
2210	140-144	1.2773908392630027
2210	145-149	1.282299464641138
2210	150	1.2529207795181456
2211	1	-1.0680064311853492
2211	2	-0.8519571397534271
2211	3	-0.946834850664068
2211	4	-1.045749272947262
2211	5	-1.0335792989713823
2211	6	-0.9961228109118494
2211	7	-0.8748245579143799
2211	8	-1.0382885646245228
2211	9	-1.2806727568161307
2211	10-14	-1.5729409482209178
2211	15-19	-1.68526740937277
2211	20-24	-1.3705795620983707
2211	25-29	-1.7990034300849587
2211	30-34	-1.4172177298052588
2211	35-39	-1.524482205820334
2211	40-44	-1.3365870968413418
2211	45-49	-1.383084052971519
2211	50-54	-1.3253172708186582
2211	55-59	-1.2327695699196823
2211	60-64	-1.3519574710937583
2211	65-69	-1.2174242005961773
2211	70-74	-1.180635875323862
2211	75-79	-1.0199024707920827
2211	80-84	-1.2665930899628606
2211	85-89	-1.283109981949746
2211	90-94	-1.1989130108326833
2211	95-99	-1.2284909739903362
2211	100-104	-1.094549626868389
2211	105-109	-1.1335014354897517
2211	110-114	-1.1220238077027531
2211	115-119	-1.1322190319344507
2211	120-124	-0.7994603806994931
2211	125-129	-0.8123921210740654
2211	130-134	-0.8963864438664615
2211	135-139	-0.7613654425405443
2211	140-144	-0.6631687821690058
2211	145-149	-0.4659181817354927
2211	150	-0.5200283891356072
2212	1	-1.0670908004411714
2212	2	-1.1446112630249452
2212	3	-1.1887536164624741
2212	4	-0.9871598451151087
2212	5	-1.519199013526027
2212	6	-1.4438658433538123
2212	7	-2.273021057410773
2212	8	-1.3794653965270953
2212	9	-1.8555969297337427
2212	10-14	-1.5987912124345272
2212	15-19	-1.5217271371013439
2212	20-24	-1.6494237496572453
2212	25-29	-1.4732887239843109
2212	30-34	-1.442258639871767
2212	35-39	-1.550511029571048
2212	40-44	-1.9704957345974776
2212	45-49	-1.654693081554342
2212	50-54	-1.66897107307242
2212	55-59	-1.2770518132220374
2212	60-64	-1.4363790974227726
2212	65-69	-1.7792335664358276
2212	70-74	-1.6228401296295374
2212	75-79	-1.5984276428843422
2212	80-84	-2.180249753123608
2212	85-89	-2.255240903998331
2212	90-94	-3.020199152365432
2212	95-99	-2.633250537616963
2212	100-104	-2.4148450996951176
2212	105-109	-2.405233883027538
2212	110-114	-2.151801257643527
2212	115-119	-2.1884947432758075
2212	120-124	-2.005854038589117
2212	125-129	-2.172725588110424
2212	130-134	-2.308952113374147
2212	135-139	-2.034251476421691
2212	140-144	-2.2009632000331436
2212	145-149	-2.534932421384351
2212	150	-2.5032175371398466
2213	1	-0.09605484724839997
2213	2	-0.15724659660115137
2213	3	-0.1464935005676118
2213	4	-0.1001432246624887
2213	5	-0.2498036670964936
2213	6	-0.16207211003701616
2213	7	-0.1678906146447261
2213	8	-0.21934593671866054
2213	9	-0.20025752264741925
2213	10-14	-0.29908744463057246
2213	15-19	-0.18244781250684383
2213	20-24	-0.1453677810131211
2213	25-29	-0.11165056873051071
2213	30-34	-0.10831602667991547
2213	35-39	-0.06504535509829168
2213	40-44	-0.035727441307095376
2213	45-49	-0.11252522445683155
2213	50-54	-0.08017638552266959
2213	55-59	-0.1792116614042527
2213	60-64	-0.11848333247857568
2213	65-69	0.029220996155313372
2213	70-74	-0.05685097487287294
2213	75-79	-0.003677945904581037
2213	80-84	0.05157363271369775
2213	85-89	0.07182647539667641
2213	90-94	0.18275648898752905
2213	95-99	0.21108418034712884
2213	100-104	0.14772033167776044
2213	105-109	0.16441746544915858
2213	110-114	0.16493498240515336
2213	115-119	0.16345360117395913
2213	120-124	0.12527942803079384
2213	125-129	0.12918516327232865
2213	130-134	0.18297917794624396
2213	135-139	0.14681866116561082
2213	140-144	-0.022555831440403296
2213	145-149	-0.021180312939730328
2213	150	0.010677198365726781
2214	1	-0.21183150384458926
2214	2	-0.381417058201837
2214	3	-0.2749562144549422
2214	4	-0.5921315275402748
2214	5	-0.3688768842019954
2214	6	-0.37181286068268804
2214	7	-0.28245423109478196
2214	8	-0.3812858276097799
2214	9	-0.3333159732937432
2214	10-14	-0.269471555897816
2214	15-19	-0.35673426253703155
2214	20-24	-0.3164729596687579
2214	25-29	-0.47648273326512225
2214	30-34	-0.4987383818101421
2214	35-39	-0.5836697478222277
2214	40-44	-0.7277903797247305
2214	45-49	-0.4352201174316619
2214	50-54	-0.3094779129147014
2214	55-59	-0.3063048159701296
2214	60-64	-0.3644911059902398
2214	65-69	-0.38919510123187706
2214	70-74	-0.3974908579205483
2214	75-79	-0.5008205046996785
2214	80-84	-0.5257278833384227
2214	85-89	-0.4677138989528089
2214	90-94	-0.43958348355097954
2214	95-99	-0.5263040860539299
2214	100-104	-0.6053780449189219
2214	105-109	-0.5837160885085169
2214	110-114	-0.5067540223188729
2214	115-119	-0.5909420616865901
2214	120-124	-0.6059356533000155
2214	125-129	-0.8048110888857991
2214	130-134	-1.0399067358949736
2214	135-139	-1.1442888516225054
2214	140-144	-1.5791877349679666
2214	145-149	-1.7649733821727445
2214	150	-1.6472356052486816
2215	1	-0.24088453411964394
2215	2	-0.20776636648653835
2215	3	-0.36710153818479085
2215	4	-0.43349885159067014
2215	5	-0.3108606070491007
2215	6	-0.307913578358999
2215	7	-0.31841522826381663
2215	8	-0.30228742441558154
2215	9	-0.24740027865737346
2215	10-14	-0.460720975190803
2215	15-19	-0.7119501747584991
2215	20-24	-0.6615040464199211
2215	25-29	-0.7492674144911291
2215	30-34	-0.8304654893980725
2215	35-39	-1.0861685051646148
2215	40-44	-1.2152967961217627
2215	45-49	-1.7585331681800938
2215	50-54	-1.0862294877478078
2215	55-59	-1.05140598454836
2215	60-64	-1.2934271824271626
2215	65-69	-1.5946681494100616
2215	70-74	-1.505245761525039
2215	75-79	-1.486854205647937
2215	80-84	-1.7036286117979778
2215	85-89	-2.156415510087019
2215	90-94	-2.278650764689985
2215	95-99	-2.2280259885128793
2215	100-104	-2.341643797866034
2215	105-109	-2.051059083427841
2215	110-114	-2.028855537290216
2215	115-119	-2.0114305590716555
2215	120-124	-2.4491339585587646
2215	125-129	-2.6785483419514478
2215	130-134	-2.859694525796101
2215	135-139	-3.015527568919186
2215	140-144	-3.3867184616623156
2215	145-149	-4.0311024778651365
2215	150	-4.072681595619102
2216	1	-0.15690909794564334
2216	2	-0.07374399836639256
2216	3	-0.251213102332116
2216	4	-0.2293504945344509
2216	5	-0.2556544176770643
2216	6	-0.4923894169102141
2216	7	-0.298536636178774
2216	8	-0.36853239108195623
2216	9	-0.4755392912989649
2216	10-14	-0.47668688313036256
2216	15-19	-0.8491163681253653
2216	20-24	-0.9795021040090717
2216	25-29	-1.3271833827872754
2216	30-34	-1.515822758385788
2216	35-39	-1.6127212035525034
2216	40-44	-1.6310319884956996
2216	45-49	-1.9048892662211898
2216	50-54	-1.7333556026076806
2216	55-59	-1.653876298373632
2216	60-64	-1.8755173076851541
2216	65-69	-1.9433824239586883
2216	70-74	-2.206709155330742
2216	75-79	-2.5931513727965836
2216	80-84	-2.9951215904604105
2216	85-89	-3.254749299351367
2216	90-94	-3.4233301583451627
2216	95-99	-4.02920771827171
2216	100-104	-4.339430795582036
2216	105-109	-4.315126074891076
2216	110-114	-4.618439648601068
2216	115-119	-5.113678118031494
2216	120-124	-5.707314880668385
2216	125-129	-6.0354290646093425
2216	130-134	-6.39959901910477
2216	135-139	-6.778807970833235
2216	140-144	-7.002727429752937
2216	145-149	-7.584898103532751
2216	150	-7.781800143471592
>>END_MODULE
>>Per sequence quality scores	pass
#Quality	Count
2	40832.0
3	9958.0
4	11163.0
5	10386.0
6	10053.0
7	11348.0
8	12741.0
9	13141.0
10	12857.0
11	12815.0
12	12768.0
13	12684.0
14	12996.0
15	13625.0
16	14385.0
17	15612.0
18	16851.0
19	19249.0
20	21204.0
21	23623.0
22	26613.0
23	29983.0
24	34260.0
25	40954.0
26	50172.0
27	60243.0
28	69820.0
29	80023.0
30	93663.0
31	111059.0
32	137104.0
33	178884.0
34	255262.0
35	444849.0
36	681023.0
37	164487.0
38	1708.0
>>END_MODULE
>>Per base sequence content	fail
#Base	G	A	T	C
1	43.901573867870596	19.928211058187227	12.996495886798087	23.173719187144087
2	17.669260321990205	18.36854585267609	38.12387725863297	25.838316566700737
3	22.028591744348002	23.71700629319136	28.92865366770258	25.32574829475806
4	14.988595987088704	16.869191815135707	36.34265534578919	31.799556851986395
5	15.535013041692933	33.70579993869537	34.646912791269294	16.112274228342404
6	31.345599076400465	34.878461284328196	18.345082551769035	15.430857087502309
7	25.77099947442123	29.35606841054714	22.38842656753687	22.484505547494756
8	25.201169679422534	34.01941754591425	19.385520698915986	21.393892075747225
9	23.82339289690653	16.243424534331233	20.6593612363466	39.273821332415636
10-14	26.78350819724994	21.249094699379462	25.19174803978963	26.77564906358097
15-19	25.610482283571333	25.848396483747017	23.738627335298766	24.802493897382885
20-24	25.426578853761335	24.591257132857375	24.62857850984618	25.353585503535115
25-29	25.505879192793135	24.49054244183745	24.612597626237605	25.39098073913181
30-34	25.49879114268858	24.48750934288068	24.535526394253065	25.478173120177672
35-39	25.518206297706385	24.390354046242773	24.633727547891656	25.457712108159182
40-44	25.31957761962681	24.290330674248185	24.814163042390373	25.575928663734633
45-49	25.129477657414757	24.312149492669903	24.973599324003743	25.584773525911597
50-54	24.98727298545147	24.373032596066345	25.00024245378867	25.639451964693517
55-59	25.01086160638002	24.29061931385045	24.881484910961607	25.81703416880793
60-64	25.004101282241383	24.272593180517422	24.85009424446276	25.873211292778436
65-69	25.210447383595046	24.34054368239574	24.524664337834302	25.924344596174908
70-74	25.229807450270325	24.428381786439633	24.55760663565077	25.784204127639264
75-79	25.421764271181583	24.52961864139958	24.44243793305361	25.606179154365222
80-84	25.435662749447186	24.602730720145694	24.53876090341969	25.422845626987435
85-89	25.603549859907854	24.406350747546522	24.56890743178098	25.421191960764645
90-94	25.863572209234153	24.239640709027874	24.485802795289555	25.410984286448418
95-99	25.87544053895872	24.15178175545251	24.514695007870614	25.458082697718154
100-104	25.819439900597562	24.1590404244831	24.650412971430196	25.371106703489144
105-109	25.58540389668835	24.536668070242097	24.6534259500053	25.224502083064248
110-114	25.40266161452129	25.153042038577727	24.42366606145371	25.020630285447275
115-119	25.199011052171155	25.663009351502954	24.27005145592925	24.867928140396646
120-124	25.150054269633554	26.05366720079475	24.097578176873387	24.698700352698314
125-129	25.077448274588647	26.428284631958228	23.977665759003226	24.5166013344499
130-134	25.20296967613197	26.571619206902636	23.750392122728694	24.4750189942367
135-139	25.25372864143313	26.820512913345627	23.620914062485856	24.30484438273538
140-144	25.39440916951403	27.003217283152704	23.434656307950902	24.167717239382362
145-149	25.4660924292473	27.11617301846818	23.3432941513803	24.07444040090422
150	25.59315351337535	27.26889613871391	23.220503254999258	23.917447092911484
>>END_MODULE
>>Per sequence GC content	warn
#GC Content	Count
0	891.0
1	660.5
2	387.5
3	309.5
4	253.0
5	235.0
6	224.5
7	237.0
8	258.5
9	245.0
10	214.0
11	183.0
12	146.5
13	117.5
14	101.5
15	94.0
16	100.0
17	96.5
18	96.5
19	115.0
20	153.5
21	214.0
22	315.5
23	502.0
24	758.0
25	1053.0
26	1488.0
27	2192.5
28	3248.0
29	4425.5
30	5499.0
31	6661.0
32	8257.0
33	10015.5
34	11873.5
35	14505.0
36	17219.5
37	19968.5
38	23516.0
39	27950.5
40	33634.5
41	40118.0
42	47545.5
43	56652.0
44	67120.0
45	79242.0
46	93316.5
47	109229.5
48	126958.5
49	144352.0
50	159961.0
51	172714.0
52	181176.0
53	183939.0
54	179556.5
55	168635.5
56	152351.0
57	133112.5
58	112964.5
59	92363.5
60	73341.5
61	56608.0
62	41757.5
63	29951.5
64	21410.0
65	15089.5
66	10258.0
67	6715.5
68	4289.0
69	2887.5
70	2018.5
71	1386.0
72	947.5
73	636.0
74	446.5
75	318.5
76	224.0
77	166.0
78	122.5
79	99.5
80	68.5
81	53.0
82	47.5
83	37.5
84	29.0
85	21.0
86	15.5
87	14.0
88	12.5
89	12.0
90	14.5
91	16.5
92	13.0
93	6.5
94	7.0
95	7.5
96	5.0
97	5.5
98	4.5
99	9.0
100	27.5
>>END_MODULE
>>Per base N content	pass
#Base	N-Count
1	0.10081642885163189
2	0.08268319800837885
3	0.07495309561703195
4	0.06603096809057078
5	0.06812604257046856
6	0.06613933401194481
7	0.0694986775745395
8	0.06603096809057078
9	0.0741945341674138
10-14	0.07909989820827786
15-19	0.10342443535936668
20-24	0.13591253858729851
25-29	0.1649401567260199
30-34	0.17325543509278651
35-39	0.17435354309604328
40-44	0.1721501026947715
45-49	0.17455582614927478
50-54	0.18006081495507512
55-59	0.18041481029823023
60-64	0.167179719101083
65-69	0.16857402728942877
70-74	0.18052317621960426
75-79	0.18682284844881408
80-84	0.17725774978886708
85-89	0.17812467715985922
90-94	0.18703958029156212
95-99	0.20188571151980314
100-104	0.20986144333293116
105-109	0.21417440700361728
110-114	0.21508468074315903
115-119	0.22358056897888237
120-124	0.22626804382895813
125-129	0.22977187528671816
130-134	0.2350673566445287
135-139	0.2287604600205606
140-144	0.22589959969628645
145-149	0.22547336040554863
150	0.22897719186330867
>>END_MODULE
>>Sequence Length Distribution	pass
#Length	Count
150	2768398.0
>>END_MODULE
>>Sequence Duplication Levels	warn
#Total Deduplicated Percentage	63.409343673797714
#Duplication Level	Percentage of total
1	45.27436808494592
2	20.530174975673766
3	11.753840920599572
4	7.08176191502922
5	4.564489817312111
6	2.905592813952064
7	1.829735108179062
8	1.3360650017471283
9	0.8942051583770741
>10	3.4810772672220605
>50	0.25928160757059276
>100	0.06371571011981558
>500	0.025691619271529954
>1k	0.0
>5k	0.0
>10k+	0.0
>>END_MODULE
>>Overrepresented sequences	pass
>>END_MODULE
>>Adapter Content	fail
#Position	Illumina Universal Adapter	Illumina Small RNA 3' Adapter	Illumina Small RNA 5' Adapter	Nextera Transposase Sequence	PolyA	PolyG
1	0.0	0.0	0.0	0.0	1.0836592137402209E-4	1.444878951653628E-4
2	0.0	0.0	0.0	0.0	1.8060986895670347E-4	5.057076330787697E-4
3	0.0	0.0	0.0	0.0	2.5285381653938487E-4	5.779515806614512E-4
4	0.0	0.0	0.0	0.0	2.889757903307256E-4	6.863175020354732E-4
5	0.0	0.0	0.0	0.0	3.9734171170474766E-4	7.224394758268139E-4
6	0.0	0.0	0.0	0.0	5.418296068701104E-4	8.30805397200836E-4
7	0.0	0.0	0.0	3.61219737913407E-5	5.418296068701104E-4	0.0012281471089055837
8	0.0	0.0	0.0	7.22439475826814E-5	6.501955282441326E-4	0.00155324487302765
9	0.0	0.0	0.0	1.0836592137402209E-4	8.30805397200836E-4	0.0018422206633583755
10-11	0.0	0.0	0.0	1.8060986895670347E-4	8.849883578878471E-4	0.0024562942178111675
12-13	0.0	0.0	0.0	2.1673184274804416E-4	9.572323054705283E-4	0.003269038628116333
14-15	0.0	0.0	0.0	2.889757903307256E-4	0.0011378421744272318	0.004424941789439235
16-17	0.0	0.0	0.0	2.889757903307256E-4	0.0014087569778622872	0.005653088898344819
18-19	0.0	0.0	0.0	3.250977641220663E-4	0.0018964036240453866	0.006646443177606688
20-21	0.0	0.0	3.61219737913407E-5	4.15402698600418E-4	0.002293745335750134	0.007712041404451239
22-23	0.0	0.0	3.61219737913407E-5	6.321345413484622E-4	0.002727209021246222	0.008940188513356822
24-25	0.0	0.0	3.61219737913407E-5	9.933542792618692E-4	0.0033051606019076736	0.010547616347071484
26-27	0.0	0.0	3.61219737913407E-5	0.0032509776412206625	0.0037747462611951027	0.012462080958012541
28-29	0.0	0.0	3.61219737913407E-5	0.023226429147832066	0.004623612645291609	0.014376545568953597
30-31	0.0	0.0	3.61219737913407E-5	0.08073261142364646	0.005382174094909764	0.015767241559920216
32-33	0.0	0.0	3.61219737913407E-5	0.20706921475886053	0.005978186662466885	0.01755527926259158
34-35	0.0	0.0	3.61219737913407E-5	0.3786666512546245	0.006664504164502358	0.01927107301768026
36-37	0.0	0.0	3.61219737913407E-5	0.6204852048007548	0.007061845876207106	0.020914622825186264
38-39	0.0	0.0	3.61219737913407E-5	0.9475877384682405	0.007567553509285876	0.02365989283332816
40-41	0.0	0.0	3.61219737913407E-5	1.2695067688966688	0.008217749037530007	0.025140893758773125
42-43	0.0	0.0	3.61219737913407E-5	1.592906800250542	0.009120798382313526	0.026766382579383456
44-45	0.0	0.0	3.61219737913407E-5	1.973740769932647	0.00935559121195724	0.028644725216533173
46-47	0.0	0.0	3.61219737913407E-5	2.38699421109248	0.009825176871244668	0.03050500686678722
48-49	0.0	0.0	3.61219737913407E-5	2.7968521867159275	0.010493433386384473	0.031986007792232186
50-51	0.0	0.0	3.61219737913407E-5	3.178264107978694	0.011270055822898297	0.033719862534216535
52-53	0.0	0.0	3.61219737913407E-5	3.5467263016372645	0.012173105167681815	0.0358149370141143
54-55	0.0	0.0	3.61219737913407E-5	3.933538457981836	0.012732995761447595	0.03780164557263804
56-57	0.0	0.0	3.61219737913407E-5	4.354901282257826	0.01352767918485709	0.040348244724927554
58-59	0.0	0.0	3.61219737913407E-5	4.769689907303791	0.014521033464118961	0.04242525821792965
60-61	0.0	0.0	3.61219737913407E-5	5.1672483508512865	0.015387960835111136	0.044935735396427826
62-63	0.0	0.0	3.61219737913407E-5	5.5619712194561615	0.015821424520607225	0.047428151588030334
64-65	0.0	0.0	3.61219737913407E-5	5.965670398548186	0.016471620048851356	0.04973995791067614
66-67	0.0	0.0	3.61219737913407E-5	6.391006639941223	0.016995388668825797	0.05228655706296566
68-69	0.0	0.0	3.61219737913407E-5	6.818004492128661	0.01760946222327859	0.05456224141182012
70-71	0.0	0.0	3.61219737913407E-5	7.235718997051724	0.01824159676462705	0.05651282799655252
72-73	0.0	0.0	3.61219737913407E-5	7.636167198502528	0.019054341174932217	0.05936646392606843
74-75	0.0	0.0	3.61219737913407E-5	8.033346361325215	0.02006575644108976	0.06258131959349775
76-77	0.0	0.0	3.61219737913407E-5	8.451024744274488	0.020806256903812242	0.065416894536118
78-79	0.0	0.0	3.61219737913407E-5	8.8747896798076	0.021962160065135142	0.06794543270151185
80-81	0.0	0.0	3.61219737913407E-5	9.300469079951654	0.02281102644923165	0.07060039777517539
82-83	0.0	0.0	3.61219737913407E-5	9.713830887032861	0.02340703901678877	0.07320117988815192
84-85	0.0	0.0	3.61219737913407E-5	10.11458612526089	0.024039173558137235	0.07569359607975443
86-87	0.0	0.0	3.61219737913407E-5	10.52702682201042	0.025122832771877456	0.07849304904858334
88-89	0.0	0.0	3.61219737913407E-5	10.947992304574704	0.0258272112608086	0.08100352622708151
90-91	0.0	0.0	3.61219737913407E-5	11.366808529698403	0.0264954677759484	0.0841100159731368
92-93	0.0	0.0	3.61219737913407E-5	11.77262084425722	0.027235968238670888	0.08761384743089687
94-95	0.0	0.0	3.61219737913407E-5	12.165537614172528	0.028283505478619766	0.09091900803280453
96-97	0.0	0.0	3.61219737913407E-5	12.567268145692925	0.030830104630909287	0.09366427804094643
98-99	0.0	0.0	3.61219737913407E-5	12.97763182894945	0.04692244395495156	0.09635536508840131
100-101	0.0	0.0	3.61219737913407E-5	13.388158061088037	0.09305020448649362	0.0992812449654999
102-103	0.0	0.0	3.61219737913407E-5	13.78806443293197	0.19290940103265497	0.10264058852809459
104-105	0.0	0.0	3.61219737913407E-5	14.182624752654785	0.3317261463127773	0.10522330965417545
106-107	0.0	0.0	3.61219737913407E-5	14.580652781861566	0.5237866809613357	0.10851040926918745
108-109	0.0	0.0	9.030493447835175E-5	14.987512633660334	0.7848221245644593	0.11116537434285098
110-111	0.0	0.0	1.0836592137402209E-4	15.390760288079965	1.0428052613822145	0.1141454371806366
112-113	0.0	0.0	1.0836592137402209E-4	15.79220184381003	1.303027960575033	0.11730610988737891
114-115	0.0	0.0	1.0836592137402209E-4	16.19266810624773	1.605242454300285	0.12050290456791256
116-117	0.0	0.0	1.0836592137402209E-4	16.576843358505535	1.937347881337871	0.12386224813050725
118-119	0.0	0.0	1.0836592137402209E-4	16.96428764939145	2.2658952939570107	0.12725771366689326
120-121	0.0	0.0	1.0836592137402209E-4	17.361033348528643	2.572643095393076	0.13067124019017495
122-123	0.0	0.0	1.0836592137402209E-4	17.75104229955375	2.8693128661413567	0.1343014985562047
124-125	0.0	0.0	1.0836592137402209E-4	18.134115831610917	3.1768372900139354	0.13782339100086044
126-127	0.0	0.0	1.0836592137402209E-4	18.509946907922924	3.509484546658392	0.14156201528826418
128-129	0.0	0.0	1.0836592137402209E-4	18.887403473055535	3.839838057967099	0.14439759023088444
130-131	0.0	0.0	1.0836592137402209E-4	19.269303040964488	4.1532503635676665	0.14820845846587088
132-133	0.0	0.0	1.0836592137402209E-4	19.64908947340664	4.462418337247751	0.15214575360912702
134-135	0.0	0.0	1.0836592137402209E-4	20.013198969223353	4.77140570105888	0.1560649877654875
136-137	0.0	0.0	1.0836592137402209E-4	20.37201659587964	5.094769610438961	0.1595688192232475
138-139	0.0	0.0	1.0836592137402209E-4	20.737029141041134	5.416363543103268	0.16337968745823397
>>END_MODULE
